   1.1330410e+06   5.0000000e+00   3.0000000e+00   1.0000000e+00   2.0000000e+00   2.0000000e+00   1.0000000e+00   2.0000000e+00   1.0000000e+00   1.0000000e+00   1.0000000e+00
   7.8520800e+05   5.0000000e+00   4.0000000e+00   6.0000000e+00   6.0000000e+00   4.0000000e+00   1.0000000e+01   4.0000000e+00   3.0000000e+00   1.0000000e+00  -1.0000000e+00
   1.1582470e+06   1.0000000e+00   1.0000000e+00   1.0000000e+00   1.0000000e+00   2.0000000e+00   1.0000000e+00   2.0000000e+00   1.0000000e+00   1.0000000e+00   1.0000000e+00
   1.0261220e+06   2.0000000e+00   1.0000000e+00   1.0000000e+00   1.0000000e+00   2.0000000e+00   1.0000000e+00   1.0000000e+00   1.0000000e+00   1.0000000e+00   1.0000000e+00
   4.9226800e+05   1.0000000e+01   4.0000000e+00   6.0000000e+00   1.0000000e+00   2.0000000e+00   1.0000000e+01   5.0000000e+00   3.0000000e+00   1.0000000e+00  -1.0000000e+00
   8.7154900e+05   5.0000000e+00   1.0000000e+00   2.0000000e+00   1.0000000e+00   2.0000000e+00   1.0000000e+00   2.0000000e+00   1.0000000e+00   1.0000000e+00   1.0000000e+00
   8.1010400e+05   1.0000000e+00   1.0000000e+00   1.0000000e+00   1.0000000e+00   2.0000000e+00   1.0000000e+00   3.0000000e+00   1.0000000e+00   1.0000000e+00   1.0000000e+00
   1.1036080e+06   1.0000000e+01   1.0000000e+01   1.0000000e+01   4.0000000e+00   8.0000000e+00   1.0000000e+00   8.0000000e+00   1.0000000e+01   1.0000000e+00  -1.0000000e+00
   1.2137840e+06   3.0000000e+00   1.0000000e+00   1.0000000e+00   1.0000000e+00   2.0000000e+00   1.0000000e+00   1.0000000e+00   1.0000000e+00   1.0000000e+00   1.0000000e+00
   1.2270810e+06   3.0000000e+00   1.0000000e+00   1.0000000e+00   3.0000000e+00   2.0000000e+00   1.0000000e+00   1.0000000e+00   1.0000000e+00   1.0000000e+00   1.0000000e+00
   1.1439780e+06   5.0000000e+00   2.0000000e+00   1.0000000e+00   1.0000000e+00   2.0000000e+00   1.0000000e+00   3.0000000e+00   1.0000000e+00   1.0000000e+00   1.0000000e+00
   7.2148200e+05   4.0000000e+00   4.0000000e+00   4.0000000e+00   4.0000000e+00   6.0000000e+00   5.0000000e+00   7.0000000e+00   3.0000000e+00   1.0000000e+00   1.0000000e+00
   1.2232820e+06   1.0000000e+00   1.0000000e+00   1.0000000e+00   1.0000000e+00   2.0000000e+00   1.0000000e+00   2.0000000e+00   1.0000000e+00   1.0000000e+00   1.0000000e+00
   1.2415590e+06   1.0000000e+01   8.0000000e+00   8.0000000e+00   2.0000000e+00   8.0000000e+00   1.0000000e+01   4.0000000e+00   8.0000000e+00   1.0000000e+01  -1.0000000e+00
   4.9256100e+05   4.0000000e+00   3.0000000e+00   2.0000000e+00   1.0000000e+00   3.0000000e+00   1.0000000e+00   2.0000000e+00   1.0000000e+00   1.0000000e+00   1.0000000e+00
   1.1482780e+06   3.0000000e+00   3.0000000e+00   6.0000000e+00   4.0000000e+00   5.0000000e+00   8.0000000e+00   4.0000000e+00   4.0000000e+00   1.0000000e+00  -1.0000000e+00
   6.3375000e+04   9.0000000e+00   1.0000000e+00   2.0000000e+00   6.0000000e+00   4.0000000e+00   1.0000000e+01   7.0000000e+00   7.0000000e+00   2.0000000e+00  -1.0000000e+00
   1.3548400e+06   5.0000000e+00   3.0000000e+00   2.0000000e+00   1.0000000e+00   3.0000000e+00   1.0000000e+00   1.0000000e+00   1.0000000e+00   1.0000000e+00   1.0000000e+00
   1.2063140e+06   1.0000000e+00   2.0000000e+00   3.0000000e+00   1.0000000e+00   2.0000000e+00   1.0000000e+00   1.0000000e+00   1.0000000e+00   1.0000000e+00   1.0000000e+00
   1.0721790e+06   1.0000000e+01   7.0000000e+00   7.0000000e+00   3.0000000e+00   8.0000000e+00   5.0000000e+00   7.0000000e+00   4.0000000e+00   3.0000000e+00  -1.0000000e+00
   1.0170230e+06   6.0000000e+00   3.0000000e+00   3.0000000e+00   5.0000000e+00   3.0000000e+00   1.0000000e+01   3.0000000e+00   5.0000000e+00   3.0000000e+00   1.0000000e+00
   7.9842900e+05   1.0000000e+00   1.0000000e+00   1.0000000e+00   1.0000000e+00   2.0000000e+00   1.0000000e+00   3.0000000e+00   1.0000000e+00   1.0000000e+00   1.0000000e+00
   1.8391300e+05   1.0000000e+00   2.0000000e+00   2.0000000e+00   1.0000000e+00   2.0000000e+00   1.0000000e+00   1.0000000e+00   1.0000000e+00   1.0000000e+00   1.0000000e+00
   1.1962950e+06   9.0000000e+00   9.0000000e+00   1.0000000e+01   3.0000000e+00   6.0000000e+00   1.0000000e+01   7.0000000e+00   1.0000000e+01   6.0000000e+00  -1.0000000e+00
   1.3251590e+06   3.0000000e+00   1.0000000e+00   1.0000000e+00   1.0000000e+00   2.0000000e+00   1.0000000e+00   3.0000000e+00   1.0000000e+00   1.0000000e+00   1.0000000e+00
   1.1205590e+06   8.0000000e+00   3.0000000e+00   8.0000000e+00   3.0000000e+00   4.0000000e+00   9.0000000e+00   8.0000000e+00   9.0000000e+00   8.0000000e+00  -1.0000000e+00
   1.3688820e+06   2.0000000e+00   1.0000000e+00   1.0000000e+00   1.0000000e+00   2.0000000e+00   1.0000000e+00   1.0000000e+00   1.0000000e+00   1.0000000e+00   1.0000000e+00
   1.2030960e+06   1.0000000e+00   1.0000000e+00   1.0000000e+00   1.0000000e+00   1.0000000e+00   1.0000000e+00   3.0000000e+00   1.0000000e+00   1.0000000e+00   1.0000000e+00
   1.2760910e+06   6.0000000e+00   1.0000000e+00   1.0000000e+00   3.0000000e+00   2.0000000e+00   1.0000000e+00   1.0000000e+00   1.0000000e+00   1.0000000e+00   1.0000000e+00
   1.1856100e+06   1.0000000e+00   1.0000000e+00   1.0000000e+00   1.0000000e+00   3.0000000e+00   2.0000000e+00   2.0000000e+00   1.0000000e+00   1.0000000e+00   1.0000000e+00
   1.2760910e+06   3.0000000e+00   1.0000000e+00   1.0000000e+00   3.0000000e+00   1.0000000e+00   1.0000000e+00   3.0000000e+00   1.0000000e+00   1.0000000e+00   1.0000000e+00
   1.2234260e+06   1.0000000e+00   1.0000000e+00   1.0000000e+00   1.0000000e+00   2.0000000e+00   1.0000000e+00   3.0000000e+00   1.0000000e+00   1.0000000e+00   1.0000000e+00
   9.5719000e+04   6.0000000e+00   1.0000000e+01   1.0000000e+01   1.0000000e+01   8.0000000e+00   1.0000000e+01   7.0000000e+00   1.0000000e+01   7.0000000e+00  -1.0000000e+00
   8.5777400e+05   4.0000000e+00   1.0000000e+00   1.0000000e+00   1.0000000e+00   3.0000000e+00   1.0000000e+00   2.0000000e+00   2.0000000e+00   1.0000000e+00   1.0000000e+00
   6.9370200e+05   1.0000000e+00   1.0000000e+00   1.0000000e+00   1.0000000e+00   2.0000000e+00   1.0000000e+00   1.0000000e+00   1.0000000e+00   1.0000000e+00   1.0000000e+00
   1.3477490e+06   1.0000000e+00   1.0000000e+00   1.0000000e+00   1.0000000e+00   2.0000000e+00   1.0000000e+00   1.0000000e+00   1.0000000e+00   1.0000000e+00   1.0000000e+00
   1.3219310e+06   5.0000000e+00   1.0000000e+00   1.0000000e+00   1.0000000e+00   2.0000000e+00   1.0000000e+00   2.0000000e+00   1.0000000e+00   1.0000000e+00   1.0000000e+00
   1.2149660e+06   9.0000000e+00   7.0000000e+00   7.0000000e+00   5.0000000e+00   5.0000000e+00   1.0000000e+01   7.0000000e+00   8.0000000e+00   3.0000000e+00  -1.0000000e+00
   1.2574700e+06   1.0000000e+01   6.0000000e+00   5.0000000e+00   8.0000000e+00   5.0000000e+00   1.0000000e+01   8.0000000e+00   6.0000000e+00   1.0000000e+00  -1.0000000e+00
   1.0316080e+06   2.0000000e+00   1.0000000e+00   1.0000000e+00   1.0000000e+00   1.0000000e+00   1.0000000e+00   2.0000000e+00   1.0000000e+00   1.0000000e+00   1.0000000e+00
   1.2266120e+06   7.0000000e+00   5.0000000e+00   6.0000000e+00   3.0000000e+00   3.0000000e+00   8.0000000e+00   7.0000000e+00   4.0000000e+00   1.0000000e+00  -1.0000000e+00
   1.2381860e+06   4.0000000e+00   1.0000000e+00   1.0000000e+00   1.0000000e+00   2.0000000e+00   1.0000000e+00   2.0000000e+00   1.0000000e+00   1.0000000e+00   1.0000000e+00
   1.2387770e+06   6.0000000e+00   1.0000000e+00   1.0000000e+00   3.0000000e+00   2.0000000e+00   1.0000000e+00   1.0000000e+00   1.0000000e+00   1.0000000e+00   1.0000000e+00
   1.0817910e+06   6.0000000e+00   2.0000000e+00   1.0000000e+00   1.0000000e+00   1.0000000e+00   1.0000000e+00   7.0000000e+00   1.0000000e+00   1.0000000e+00   1.0000000e+00
   4.1230000e+05   1.0000000e+01   4.0000000e+00   5.0000000e+00   4.0000000e+00   3.0000000e+00   5.0000000e+00   7.0000000e+00   3.0000000e+00   1.0000000e+00  -1.0000000e+00
   1.2203300e+06   1.0000000e+00   1.0000000e+00   1.0000000e+00   1.0000000e+00   2.0000000e+00   1.0000000e+00   3.0000000e+00   1.0000000e+00   1.0000000e+00   1.0000000e+00
   8.6982800e+05   1.0000000e+00   1.0000000e+00   1.0000000e+00   1.0000000e+00   1.0000000e+00   1.0000000e+00   3.0000000e+00   1.0000000e+00   1.0000000e+00   1.0000000e+00
   1.2083010e+06   1.0000000e+00   2.0000000e+00   3.0000000e+00   1.0000000e+00   2.0000000e+00   1.0000000e+00   3.0000000e+00   1.0000000e+00   1.0000000e+00   1.0000000e+00
   1.6752800e+05   4.0000000e+00   1.0000000e+00   1.0000000e+00   1.0000000e+00   2.0000000e+00   1.0000000e+00   3.0000000e+00   6.0000000e+00   1.0000000e+00   1.0000000e+00
   1.3682670e+06   5.0000000e+00   1.0000000e+00   1.0000000e+00   1.0000000e+00   2.0000000e+00   1.0000000e+00   1.0000000e+00   1.0000000e+00   1.0000000e+00   1.0000000e+00
   1.2955290e+06   2.0000000e+00   5.0000000e+00   7.0000000e+00   6.0000000e+00   4.0000000e+00   1.0000000e+01   7.0000000e+00   6.0000000e+00   1.0000000e+00  -1.0000000e+00
   1.1704200e+06   1.0000000e+00   6.0000000e+00   8.0000000e+00   1.0000000e+01   8.0000000e+00   1.0000000e+01   5.0000000e+00   7.0000000e+00   1.0000000e+00  -1.0000000e+00
   1.3219420e+06   5.0000000e+00   1.0000000e+00   1.0000000e+00   1.0000000e+00   2.0000000e+00   1.0000000e+00   3.0000000e+00   1.0000000e+00   1.0000000e+00   1.0000000e+00
   1.1717950e+06   1.0000000e+00   3.0000000e+00   1.0000000e+00   2.0000000e+00   2.0000000e+00   2.0000000e+00   5.0000000e+00   3.0000000e+00   2.0000000e+00   1.0000000e+00
   1.1848400e+06   1.0000000e+00   1.0000000e+00   3.0000000e+00   1.0000000e+00   2.0000000e+00   0.0000000e+00   2.0000000e+00   1.0000000e+00   1.0000000e+00   1.0000000e+00
   1.2189820e+06   4.0000000e+00   1.0000000e+00   1.0000000e+00   1.0000000e+00   2.0000000e+00   1.0000000e+00   1.0000000e+00   1.0000000e+00   1.0000000e+00   1.0000000e+00
   1.0567840e+06   3.0000000e+00   1.0000000e+00   1.0000000e+00   1.0000000e+00   2.0000000e+00   1.0000000e+00   2.0000000e+00   1.0000000e+00   1.0000000e+00   1.0000000e+00
   1.1992190e+06   1.0000000e+00   1.0000000e+00   1.0000000e+00   2.0000000e+00   1.0000000e+00   1.0000000e+00   1.0000000e+00   1.0000000e+00   1.0000000e+00   1.0000000e+00
   1.2055790e+06   8.0000000e+00   7.0000000e+00   6.0000000e+00   4.0000000e+00   4.0000000e+00   1.0000000e+01   5.0000000e+00   1.0000000e+00   1.0000000e+00  -1.0000000e+00
   3.2442700e+05   1.0000000e+01   8.0000000e+00   8.0000000e+00   2.0000000e+00   3.0000000e+00   4.0000000e+00   8.0000000e+00   7.0000000e+00   8.0000000e+00  -1.0000000e+00
   1.3455930e+06   3.0000000e+00   1.0000000e+00   1.0000000e+00   3.0000000e+00   2.0000000e+00   1.0000000e+00   2.0000000e+00   1.0000000e+00   1.0000000e+00   1.0000000e+00
   1.2194060e+06   5.0000000e+00   1.0000000e+00   1.0000000e+00   1.0000000e+00   1.0000000e+00   1.0000000e+00   3.0000000e+00   1.0000000e+00   1.0000000e+00   1.0000000e+00
   1.2658990e+06   4.0000000e+00   1.0000000e+00   1.0000000e+00   1.0000000e+00   2.0000000e+00   1.0000000e+00   3.0000000e+00   1.0000000e+00   1.0000000e+00   1.0000000e+00
   1.1740090e+06   5.0000000e+00   1.0000000e+00   1.0000000e+00   2.0000000e+00   1.0000000e+00   1.0000000e+00   2.0000000e+00   1.0000000e+00   1.0000000e+00   1.0000000e+00
   5.6634600e+05   3.0000000e+00   1.0000000e+00   1.0000000e+00   1.0000000e+00   2.0000000e+00   1.0000000e+00   2.0000000e+00   3.0000000e+00   1.0000000e+00   1.0000000e+00
   1.3444490e+06   1.0000000e+00   1.0000000e+00   1.0000000e+00   1.0000000e+00   1.0000000e+00   1.0000000e+00   2.0000000e+00   1.0000000e+00   1.0000000e+00   1.0000000e+00
   1.2869430e+06   8.0000000e+00   1.0000000e+01   1.0000000e+01   1.0000000e+01   7.0000000e+00   5.0000000e+00   4.0000000e+00   8.0000000e+00   7.0000000e+00  -1.0000000e+00
   1.0669790e+06   5.0000000e+00   1.0000000e+00   1.0000000e+00   1.0000000e+00   2.0000000e+00   1.0000000e+00   2.0000000e+00   1.0000000e+00   1.0000000e+00   1.0000000e+00
   3.0321300e+05   1.0000000e+01   4.0000000e+00   4.0000000e+00   1.0000000e+01   6.0000000e+00   1.0000000e+01   5.0000000e+00   5.0000000e+00   1.0000000e+00  -1.0000000e+00
   1.2585560e+06   5.0000000e+00   3.0000000e+00   6.0000000e+00   1.0000000e+00   2.0000000e+00   1.0000000e+00   1.0000000e+00   1.0000000e+00   1.0000000e+00   1.0000000e+00
   8.2692300e+05   1.0000000e+00   1.0000000e+00   1.0000000e+00   1.0000000e+00   2.0000000e+00   1.0000000e+00   1.0000000e+00   1.0000000e+00   1.0000000e+00   1.0000000e+00
   8.7354900e+05   1.0000000e+01   3.0000000e+00   5.0000000e+00   4.0000000e+00   3.0000000e+00   7.0000000e+00   3.0000000e+00   5.0000000e+00   3.0000000e+00  -1.0000000e+00
   1.0330780e+06   2.0000000e+00   1.0000000e+00   1.0000000e+00   1.0000000e+00   2.0000000e+00   1.0000000e+00   1.0000000e+00   1.0000000e+00   5.0000000e+00   1.0000000e+00
   7.9732700e+05   6.0000000e+00   5.0000000e+00   5.0000000e+00   8.0000000e+00   4.0000000e+00   1.0000000e+01   3.0000000e+00   4.0000000e+00   1.0000000e+00  -1.0000000e+00
   1.1878050e+06   8.0000000e+00   8.0000000e+00   7.0000000e+00   4.0000000e+00   1.0000000e+01   1.0000000e+01   7.0000000e+00   8.0000000e+00   7.0000000e+00  -1.0000000e+00
   1.1470440e+06   3.0000000e+00   1.0000000e+00   1.0000000e+00   1.0000000e+00   2.0000000e+00   2.0000000e+00   7.0000000e+00   1.0000000e+00   1.0000000e+00   1.0000000e+00
   1.2934390e+06   6.0000000e+00   9.0000000e+00   7.0000000e+00   5.0000000e+00   5.0000000e+00   8.0000000e+00   4.0000000e+00   2.0000000e+00   1.0000000e+00   1.0000000e+00
   1.2218630e+06   1.0000000e+01   1.0000000e+01   1.0000000e+01   1.0000000e+01   7.0000000e+00   1.0000000e+01   7.0000000e+00   1.0000000e+01   4.0000000e+00  -1.0000000e+00
   1.3110330e+06   1.0000000e+00   2.0000000e+00   2.0000000e+00   1.0000000e+00   2.0000000e+00   1.0000000e+00   1.0000000e+00   1.0000000e+00   1.0000000e+00   1.0000000e+00
   1.3111080e+06   1.0000000e+00   1.0000000e+00   1.0000000e+00   3.0000000e+00   2.0000000e+00   1.0000000e+00   1.0000000e+00   1.0000000e+00   1.0000000e+00   1.0000000e+00
   1.2545380e+06   8.0000000e+00   1.0000000e+01   1.0000000e+01   1.0000000e+01   6.0000000e+00   1.0000000e+01   1.0000000e+01   1.0000000e+01   1.0000000e+00  -1.0000000e+00
   1.1312940e+06   1.0000000e+00   1.0000000e+00   2.0000000e+00   1.0000000e+00   2.0000000e+00   2.0000000e+00   4.0000000e+00   2.0000000e+00   1.0000000e+00   1.0000000e+00
   7.0416800e+05   4.0000000e+00   6.0000000e+00   5.0000000e+00   6.0000000e+00   7.0000000e+00   0.0000000e+00   4.0000000e+00   9.0000000e+00   1.0000000e+00   1.0000000e+00
   4.1145300e+05   5.0000000e+00   1.0000000e+00   1.0000000e+00   1.0000000e+00   2.0000000e+00   1.0000000e+00   3.0000000e+00   1.0000000e+00   1.0000000e+00   1.0000000e+00
   1.1495480e+06   1.0000000e+00   1.0000000e+00   1.0000000e+00   1.0000000e+00   2.0000000e+00   1.0000000e+00   1.0000000e+00   1.0000000e+00   1.0000000e+00   1.0000000e+00
   3.5243100e+05   1.0000000e+01   5.0000000e+00   1.0000000e+01   3.0000000e+00   5.0000000e+00   8.0000000e+00   7.0000000e+00   8.0000000e+00   3.0000000e+00  -1.0000000e+00
   1.2237930e+06   6.0000000e+00   1.0000000e+01   7.0000000e+00   7.0000000e+00   6.0000000e+00   4.0000000e+00   8.0000000e+00   1.0000000e+01   2.0000000e+00  -1.0000000e+00
   1.2960250e+06   4.0000000e+00   1.0000000e+00   2.0000000e+00   1.0000000e+00   2.0000000e+00   1.0000000e+00   1.0000000e+00   1.0000000e+00   1.0000000e+00   1.0000000e+00
   1.1732350e+06   3.0000000e+00   3.0000000e+00   2.0000000e+00   1.0000000e+00   2.0000000e+00   3.0000000e+00   3.0000000e+00   1.0000000e+00   1.0000000e+00   1.0000000e+00
   1.1180390e+06   5.0000000e+00   3.0000000e+00   4.0000000e+00   1.0000000e+00   8.0000000e+00   1.0000000e+01   4.0000000e+00   9.0000000e+00   1.0000000e+00  -1.0000000e+00
   8.0544800e+05   1.0000000e+00   1.0000000e+00   1.0000000e+00   1.0000000e+00   2.0000000e+00   1.0000000e+00   1.0000000e+00   1.0000000e+00   1.0000000e+00   1.0000000e+00
   1.2112020e+06   7.0000000e+00   5.0000000e+00   1.0000000e+01   1.0000000e+01   1.0000000e+01   1.0000000e+01   4.0000000e+00   1.0000000e+01   3.0000000e+00  -1.0000000e+00
   1.1736810e+06   3.0000000e+00   2.0000000e+00   1.0000000e+00   1.0000000e+00   2.0000000e+00   2.0000000e+00   3.0000000e+00   1.0000000e+00   1.0000000e+00   1.0000000e+00
   1.1905460e+06   2.0000000e+00   1.0000000e+00   1.0000000e+00   1.0000000e+00   2.0000000e+00   5.0000000e+00   1.0000000e+00   1.0000000e+00   1.0000000e+00   1.0000000e+00
   1.1903860e+06   4.0000000e+00   6.0000000e+00   6.0000000e+00   5.0000000e+00   7.0000000e+00   6.0000000e+00   7.0000000e+00   7.0000000e+00   3.0000000e+00  -1.0000000e+00
   6.5775300e+05   3.0000000e+00   1.0000000e+00   1.0000000e+00   4.0000000e+00   3.0000000e+00   1.0000000e+00   2.0000000e+00   2.0000000e+00   1.0000000e+00   1.0000000e+00
   1.2132730e+06   2.0000000e+00   1.0000000e+00   1.0000000e+00   1.0000000e+00   2.0000000e+00   1.0000000e+00   1.0000000e+00   1.0000000e+00   1.0000000e+00   1.0000000e+00
   1.2695740e+06   4.0000000e+00   1.0000000e+00   1.0000000e+00   1.0000000e+00   2.0000000e+00   1.0000000e+00   1.0000000e+00   1.0000000e+00   1.0000000e+00   1.0000000e+00
   3.8510300e+05   5.0000000e+00   1.0000000e+00   2.0000000e+00   1.0000000e+00   2.0000000e+00   1.0000000e+00   3.0000000e+00   1.0000000e+00   1.0000000e+00   1.0000000e+00
   1.1371560e+06   2.0000000e+00   2.0000000e+00   2.0000000e+00   1.0000000e+00   1.0000000e+00   1.0000000e+00   7.0000000e+00   1.0000000e+00   1.0000000e+00   1.0000000e+00
   8.6632500e+05   8.0000000e+00   1.0000000e+01   5.0000000e+00   3.0000000e+00   8.0000000e+00   4.0000000e+00   4.0000000e+00   1.0000000e+01   3.0000000e+00  -1.0000000e+00
   1.1741310e+06   1.0000000e+01   1.0000000e+01   1.0000000e+01   2.0000000e+00   1.0000000e+01   1.0000000e+01   5.0000000e+00   3.0000000e+00   3.0000000e+00  -1.0000000e+00
   1.2965720e+06   1.0000000e+01   9.0000000e+00   8.0000000e+00   7.0000000e+00   6.0000000e+00   4.0000000e+00   7.0000000e+00   1.0000000e+01   3.0000000e+00  -1.0000000e+00
   1.3346590e+06   5.0000000e+00   2.0000000e+00   4.0000000e+00   1.0000000e+00   1.0000000e+00   1.0000000e+00   1.0000000e+00   1.0000000e+00   1.0000000e+00   1.0000000e+00
   1.1323470e+06   1.0000000e+00   1.0000000e+00   4.0000000e+00   1.0000000e+00   2.0000000e+00   1.0000000e+00   2.0000000e+00   1.0000000e+00   1.0000000e+00   1.0000000e+00
   6.4690400e+05   1.0000000e+00   1.0000000e+00   1.0000000e+00   1.0000000e+00   2.0000000e+00   1.0000000e+00   3.0000000e+00   1.0000000e+00   1.0000000e+00   1.0000000e+00
   5.6068000e+05   3.0000000e+00   1.0000000e+00   2.0000000e+00   1.0000000e+00   2.0000000e+00   1.0000000e+00   2.0000000e+00   1.0000000e+00   1.0000000e+00   1.0000000e+00
   1.1517340e+06   1.0000000e+01   8.0000000e+00   7.0000000e+00   4.0000000e+00   3.0000000e+00   1.0000000e+01   7.0000000e+00   9.0000000e+00   1.0000000e+00  -1.0000000e+00
   1.1824040e+06   4.0000000e+00   1.0000000e+00   1.0000000e+00   1.0000000e+00   2.0000000e+00   1.0000000e+00   2.0000000e+00   1.0000000e+00   1.0000000e+00   1.0000000e+00
   1.0663730e+06   3.0000000e+00   2.0000000e+00   1.0000000e+00   1.0000000e+00   1.0000000e+00   1.0000000e+00   2.0000000e+00   1.0000000e+00   1.0000000e+00   1.0000000e+00
   6.1634000e+04   5.0000000e+00   4.0000000e+00   3.0000000e+00   1.0000000e+00   2.0000000e+00   0.0000000e+00   2.0000000e+00   3.0000000e+00   1.0000000e+00   1.0000000e+00
   8.9640400e+05   2.0000000e+00   1.0000000e+00   1.0000000e+00   1.0000000e+00   2.0000000e+00   1.0000000e+00   3.0000000e+00   1.0000000e+00   1.0000000e+00   1.0000000e+00
   1.1999830e+06   1.0000000e+00   1.0000000e+00   1.0000000e+00   1.0000000e+00   2.0000000e+00   1.0000000e+00   3.0000000e+00   1.0000000e+00   1.0000000e+00   1.0000000e+00
   7.7006600e+05   5.0000000e+00   2.0000000e+00   2.0000000e+00   2.0000000e+00   2.0000000e+00   1.0000000e+00   2.0000000e+00   2.0000000e+00   1.0000000e+00   1.0000000e+00
   1.1134830e+06   5.0000000e+00   2.0000000e+00   3.0000000e+00   1.0000000e+00   6.0000000e+00   1.0000000e+01   5.0000000e+00   1.0000000e+00   1.0000000e+00  -1.0000000e+00
   1.3503190e+06   5.0000000e+00   7.0000000e+00   4.0000000e+00   1.0000000e+00   6.0000000e+00   1.0000000e+00   7.0000000e+00   1.0000000e+01   3.0000000e+00  -1.0000000e+00
   6.0815700e+05   1.0000000e+01   4.0000000e+00   3.0000000e+00   1.0000000e+01   4.0000000e+00   1.0000000e+01   1.0000000e+01   1.0000000e+00   1.0000000e+00  -1.0000000e+00
   7.3411100e+05   1.0000000e+00   1.0000000e+00   1.0000000e+00   1.0000000e+00   2.0000000e+00   2.0000000e+00   1.0000000e+00   1.0000000e+00   1.0000000e+00   1.0000000e+00
   7.4334800e+05   3.0000000e+00   2.0000000e+00   2.0000000e+00   1.0000000e+00   2.0000000e+00   1.0000000e+00   2.0000000e+00   3.0000000e+00   1.0000000e+00   1.0000000e+00
   1.2678980e+06   5.0000000e+00   1.0000000e+00   3.0000000e+00   1.0000000e+00   2.0000000e+00   1.0000000e+00   1.0000000e+00   1.0000000e+00   1.0000000e+00   1.0000000e+00
   1.2432560e+06   1.0000000e+01   4.0000000e+00   3.0000000e+00   2.0000000e+00   3.0000000e+00   1.0000000e+01   5.0000000e+00   3.0000000e+00   2.0000000e+00  -1.0000000e+00
   1.1816850e+06   1.0000000e+00   1.0000000e+00   2.0000000e+00   1.0000000e+00   2.0000000e+00   1.0000000e+00   2.0000000e+00   1.0000000e+00   1.0000000e+00   1.0000000e+00
   1.2021250e+06   4.0000000e+00   1.0000000e+00   1.0000000e+00   1.0000000e+00   2.0000000e+00   1.0000000e+00   3.0000000e+00   1.0000000e+00   1.0000000e+00   1.0000000e+00
   1.2360430e+06   3.0000000e+00   3.0000000e+00   2.0000000e+00   1.0000000e+00   3.0000000e+00   1.0000000e+00   3.0000000e+00   6.0000000e+00   1.0000000e+00   1.0000000e+00
   1.2999240e+06   3.0000000e+00   2.0000000e+00   2.0000000e+00   2.0000000e+00   2.0000000e+00   1.0000000e+00   4.0000000e+00   2.0000000e+00   1.0000000e+00   1.0000000e+00
   1.2579380e+06   3.0000000e+00   1.0000000e+00   1.0000000e+00   1.0000000e+00   2.0000000e+00   1.0000000e+00   1.0000000e+00   1.0000000e+00   1.0000000e+00   1.0000000e+00
   1.0738360e+06   5.0000000e+00   1.0000000e+00   1.0000000e+00   1.0000000e+00   2.0000000e+00   1.0000000e+00   2.0000000e+00   1.0000000e+00   1.0000000e+00   1.0000000e+00
   1.1130380e+06   8.0000000e+00   2.0000000e+00   4.0000000e+00   1.0000000e+00   5.0000000e+00   1.0000000e+00   5.0000000e+00   4.0000000e+00   4.0000000e+00  -1.0000000e+00
   1.1169980e+06   1.0000000e+01   4.0000000e+00   2.0000000e+00   1.0000000e+00   3.0000000e+00   2.0000000e+00   4.0000000e+00   3.0000000e+00   1.0000000e+01  -1.0000000e+00
   4.6690600e+05   1.0000000e+00   1.0000000e+00   1.0000000e+00   1.0000000e+00   2.0000000e+00   1.0000000e+00   1.0000000e+00   1.0000000e+00   1.0000000e+00   1.0000000e+00
   1.1964750e+06   3.0000000e+00   2.0000000e+00   1.0000000e+00   1.0000000e+00   2.0000000e+00   1.0000000e+00   2.0000000e+00   2.0000000e+00   1.0000000e+00   1.0000000e+00
   1.0439990e+06   1.0000000e+00   1.0000000e+00   1.0000000e+00   1.0000000e+00   2.0000000e+00   3.0000000e+00   3.0000000e+00   1.0000000e+00   1.0000000e+00   1.0000000e+00
   7.5290400e+05   1.0000000e+01   1.0000000e+00   1.0000000e+00   1.0000000e+00   2.0000000e+00   1.0000000e+01   5.0000000e+00   4.0000000e+00   1.0000000e+00  -1.0000000e+00
   7.7671500e+05   3.0000000e+00   1.0000000e+00   1.0000000e+00   1.0000000e+00   3.0000000e+00   2.0000000e+00   1.0000000e+00   1.0000000e+00   1.0000000e+00   1.0000000e+00
   1.0020250e+06   1.0000000e+00   1.0000000e+00   1.0000000e+00   3.0000000e+00   1.0000000e+00   3.0000000e+00   1.0000000e+00   1.0000000e+00   1.0000000e+00   1.0000000e+00
   1.1230610e+06   6.0000000e+00   1.0000000e+01   2.0000000e+00   8.0000000e+00   1.0000000e+01   2.0000000e+00   7.0000000e+00   8.0000000e+00   1.0000000e+01  -1.0000000e+00
   1.3454520e+06   1.0000000e+00   1.0000000e+00   3.0000000e+00   1.0000000e+00   2.0000000e+00   1.0000000e+00   2.0000000e+00   1.0000000e+00   1.0000000e+00   1.0000000e+00
   1.3346670e+06   1.0000000e+00   1.0000000e+00   1.0000000e+00   1.0000000e+00   2.0000000e+00   1.0000000e+00   1.0000000e+00   1.0000000e+00   1.0000000e+00   1.0000000e+00
   1.2133830e+06   5.0000000e+00   1.0000000e+00   1.0000000e+00   4.0000000e+00   2.0000000e+00   1.0000000e+00   3.0000000e+00   1.0000000e+00   1.0000000e+00   1.0000000e+00
   1.3314120e+06   5.0000000e+00   7.0000000e+00   1.0000000e+01   1.0000000e+01   5.0000000e+00   1.0000000e+01   1.0000000e+01   1.0000000e+01   1.0000000e+00  -1.0000000e+00
   1.2661240e+06   5.0000000e+00   1.0000000e+00   2.0000000e+00   1.0000000e+00   2.0000000e+00   1.0000000e+00   1.0000000e+00   1.0000000e+00   1.0000000e+00   1.0000000e+00
   1.2902030e+06   3.0000000e+00   1.0000000e+00   1.0000000e+00   1.0000000e+00   2.0000000e+00   1.0000000e+00   2.0000000e+00   1.0000000e+00   1.0000000e+00   1.0000000e+00
   1.0561710e+06   2.0000000e+00   1.0000000e+00   1.0000000e+00   1.0000000e+00   2.0000000e+00   1.0000000e+00   2.0000000e+00   1.0000000e+00   1.0000000e+00   1.0000000e+00
   1.3118750e+06   5.0000000e+00   1.0000000e+00   2.0000000e+00   1.0000000e+00   2.0000000e+00   1.0000000e+00   1.0000000e+00   1.0000000e+00   1.0000000e+00   1.0000000e+00
   1.2886080e+06   3.0000000e+00   1.0000000e+00   1.0000000e+00   1.0000000e+00   2.0000000e+00   1.0000000e+00   2.0000000e+00   1.0000000e+00   1.0000000e+00   1.0000000e+00
   4.7416200e+05   8.0000000e+00   7.0000000e+00   8.0000000e+00   5.0000000e+00   5.0000000e+00   1.0000000e+01   9.0000000e+00   1.0000000e+01   1.0000000e+00  -1.0000000e+00
   1.0330780e+06   4.0000000e+00   2.0000000e+00   1.0000000e+00   1.0000000e+00   2.0000000e+00   1.0000000e+00   2.0000000e+00   1.0000000e+00   1.0000000e+00   1.0000000e+00
   1.1824040e+06   3.0000000e+00   1.0000000e+00   1.0000000e+00   1.0000000e+00   2.0000000e+00   1.0000000e+00   2.0000000e+00   1.0000000e+00   1.0000000e+00   1.0000000e+00
   6.5454600e+05   1.0000000e+00   1.0000000e+00   1.0000000e+00   3.0000000e+00   2.0000000e+00   1.0000000e+00   1.0000000e+00   1.0000000e+00   1.0000000e+00   1.0000000e+00
   4.7690300e+05   1.0000000e+01   5.0000000e+00   7.0000000e+00   3.0000000e+00   3.0000000e+00   7.0000000e+00   3.0000000e+00   3.0000000e+00   8.0000000e+00  -1.0000000e+00
   8.3126800e+05   1.0000000e+00   1.0000000e+00   1.0000000e+00   1.0000000e+00   1.0000000e+00   1.0000000e+00   1.0000000e+00   3.0000000e+00   1.0000000e+00   1.0000000e+00
   5.4355800e+05   6.0000000e+00   1.0000000e+00   3.0000000e+00   1.0000000e+00   4.0000000e+00   5.0000000e+00   5.0000000e+00   1.0000000e+01   1.0000000e+00  -1.0000000e+00
   1.1555460e+06   2.0000000e+00   1.0000000e+00   1.0000000e+00   2.0000000e+00   3.0000000e+00   1.0000000e+00   2.0000000e+00   1.0000000e+00   1.0000000e+00   1.0000000e+00
   1.1666300e+06   7.0000000e+00   5.0000000e+00   6.0000000e+00   1.0000000e+01   5.0000000e+00   1.0000000e+01   7.0000000e+00   9.0000000e+00   4.0000000e+00  -1.0000000e+00
   1.1892860e+06   1.0000000e+01   1.0000000e+01   8.0000000e+00   6.0000000e+00   4.0000000e+00   5.0000000e+00   8.0000000e+00   1.0000000e+01   1.0000000e+00  -1.0000000e+00
   8.9717200e+05   2.0000000e+00   1.0000000e+00   1.0000000e+00   1.0000000e+00   2.0000000e+00   1.0000000e+00   2.0000000e+00   1.0000000e+00   1.0000000e+00   1.0000000e+00
   1.1785800e+06   5.0000000e+00   1.0000000e+00   3.0000000e+00   1.0000000e+00   2.0000000e+00   1.0000000e+00   2.0000000e+00   1.0000000e+00   1.0000000e+00   1.0000000e+00
   1.1930910e+06   1.0000000e+00   2.0000000e+00   2.0000000e+00   1.0000000e+00   2.0000000e+00   1.0000000e+00   2.0000000e+00   1.0000000e+00   1.0000000e+00   1.0000000e+00
   1.2235430e+06   1.0000000e+00   2.0000000e+00   1.0000000e+00   3.0000000e+00   2.0000000e+00   1.0000000e+00   1.0000000e+00   2.0000000e+00   1.0000000e+00   1.0000000e+00
   1.1717100e+06   1.0000000e+00   1.0000000e+00   1.0000000e+00   1.0000000e+00   2.0000000e+00   1.0000000e+00   2.0000000e+00   3.0000000e+00   1.0000000e+00   1.0000000e+00
   7.3363900e+05   3.0000000e+00   1.0000000e+00   1.0000000e+00   1.0000000e+00   2.0000000e+00   1.0000000e+00   3.0000000e+00   1.0000000e+00   1.0000000e+00   1.0000000e+00
   6.6609000e+05   1.0000000e+00   1.0000000e+00   1.0000000e+00   1.0000000e+00   2.0000000e+00   1.0000000e+00   3.0000000e+00   1.0000000e+00   1.0000000e+00   1.0000000e+00
   1.1932100e+06   2.0000000e+00   1.0000000e+00   1.0000000e+00   1.0000000e+00   2.0000000e+00   1.0000000e+00   3.0000000e+00   1.0000000e+00   1.0000000e+00   1.0000000e+00
   1.8393600e+05   3.0000000e+00   1.0000000e+00   1.0000000e+00   1.0000000e+00   2.0000000e+00   1.0000000e+00   2.0000000e+00   1.0000000e+00   1.0000000e+00   1.0000000e+00
   1.1986410e+06   3.0000000e+00   1.0000000e+00   1.0000000e+00   1.0000000e+00   2.0000000e+00   1.0000000e+00   3.0000000e+00   1.0000000e+00   1.0000000e+00   1.0000000e+00
   1.1979790e+06   4.0000000e+00   1.0000000e+00   1.0000000e+00   1.0000000e+00   2.0000000e+00   2.0000000e+00   3.0000000e+00   2.0000000e+00   1.0000000e+00   1.0000000e+00
   1.1773990e+06   8.0000000e+00   3.0000000e+00   5.0000000e+00   4.0000000e+00   5.0000000e+00   1.0000000e+01   1.0000000e+00   6.0000000e+00   2.0000000e+00  -1.0000000e+00
   3.2067500e+05   3.0000000e+00   3.0000000e+00   5.0000000e+00   2.0000000e+00   3.0000000e+00   1.0000000e+01   7.0000000e+00   1.0000000e+00   1.0000000e+00  -1.0000000e+00
   1.3212640e+06   5.0000000e+00   2.0000000e+00   2.0000000e+00   2.0000000e+00   1.0000000e+00   1.0000000e+00   2.0000000e+00   1.0000000e+00   1.0000000e+00   1.0000000e+00
   6.5454600e+05   1.0000000e+00   1.0000000e+00   1.0000000e+00   1.0000000e+00   2.0000000e+00   1.0000000e+00   1.0000000e+00   1.0000000e+00   8.0000000e+00   1.0000000e+00
   1.1130610e+06   5.0000000e+00   1.0000000e+00   1.0000000e+00   1.0000000e+00   2.0000000e+00   1.0000000e+00   3.0000000e+00   1.0000000e+00   1.0000000e+00   1.0000000e+00
   1.2274810e+06   1.0000000e+01   5.0000000e+00   7.0000000e+00   4.0000000e+00   4.0000000e+00   1.0000000e+01   8.0000000e+00   9.0000000e+00   1.0000000e+00  -1.0000000e+00
   6.0672200e+05   5.0000000e+00   5.0000000e+00   7.0000000e+00   8.0000000e+00   6.0000000e+00   1.0000000e+01   7.0000000e+00   4.0000000e+00   1.0000000e+00  -1.0000000e+00
   1.0222570e+06   2.0000000e+00   1.0000000e+00   1.0000000e+00   1.0000000e+00   2.0000000e+00   1.0000000e+00   1.0000000e+00   1.0000000e+00   1.0000000e+00   1.0000000e+00
   1.1824040e+06   1.0000000e+00   1.0000000e+00   1.0000000e+00   1.0000000e+00   1.0000000e+00   1.0000000e+00   1.0000000e+00   1.0000000e+00   1.0000000e+00   1.0000000e+00
   4.8817300e+05   1.0000000e+00   4.0000000e+00   3.0000000e+00   1.0000000e+01   4.0000000e+00   1.0000000e+01   5.0000000e+00   6.0000000e+00   1.0000000e+00  -1.0000000e+00
   3.6956500e+05   4.0000000e+00   1.0000000e+00   1.0000000e+00   1.0000000e+00   3.0000000e+00   1.0000000e+00   1.0000000e+00   1.0000000e+00   1.0000000e+00   1.0000000e+00
   1.0422520e+06   3.0000000e+00   1.0000000e+00   1.0000000e+00   1.0000000e+00   2.0000000e+00   1.0000000e+00   2.0000000e+00   1.0000000e+00   1.0000000e+00   1.0000000e+00
   1.2322250e+06   1.0000000e+01   4.0000000e+00   5.0000000e+00   5.0000000e+00   5.0000000e+00   1.0000000e+01   4.0000000e+00   1.0000000e+00   1.0000000e+00  -1.0000000e+00
   1.1683590e+06   8.0000000e+00   2.0000000e+00   3.0000000e+00   1.0000000e+00   6.0000000e+00   3.0000000e+00   7.0000000e+00   1.0000000e+00   1.0000000e+00  -1.0000000e+00
   8.9747100e+05   4.0000000e+00   8.0000000e+00   6.0000000e+00   4.0000000e+00   3.0000000e+00   4.0000000e+00   1.0000000e+01   6.0000000e+00   1.0000000e+00  -1.0000000e+00
   1.3158070e+06   5.0000000e+00   1.0000000e+01   1.0000000e+01   1.0000000e+01   1.0000000e+01   2.0000000e+00   1.0000000e+01   1.0000000e+01   1.0000000e+01  -1.0000000e+00
   1.2771450e+06   5.0000000e+00   1.0000000e+00   1.0000000e+00   1.0000000e+00   2.0000000e+00   1.0000000e+00   1.0000000e+00   1.0000000e+00   1.0000000e+00   1.0000000e+00
   7.3363900e+05   3.0000000e+00   1.0000000e+00   1.0000000e+00   1.0000000e+00   2.0000000e+00   0.0000000e+00   3.0000000e+00   1.0000000e+00   1.0000000e+00   1.0000000e+00
   1.2272440e+06   1.0000000e+00   1.0000000e+00   1.0000000e+00   1.0000000e+00   2.0000000e+00   1.0000000e+00   2.0000000e+00   1.0000000e+00   1.0000000e+00   1.0000000e+00
   5.3533100e+05   3.0000000e+00   1.0000000e+00   1.0000000e+00   1.0000000e+00   3.0000000e+00   1.0000000e+00   2.0000000e+00   1.0000000e+00   1.0000000e+00   1.0000000e+00
   4.8666200e+05   2.0000000e+00   1.0000000e+00   1.0000000e+00   2.0000000e+00   2.0000000e+00   1.0000000e+00   3.0000000e+00   1.0000000e+00   1.0000000e+00   1.0000000e+00
   1.2394200e+06   1.0000000e+00   1.0000000e+00   1.0000000e+00   1.0000000e+00   2.0000000e+00   1.0000000e+00   1.0000000e+00   1.0000000e+00   1.0000000e+00   1.0000000e+00
   3.7827500e+05   1.0000000e+01   9.0000000e+00   7.0000000e+00   3.0000000e+00   4.0000000e+00   2.0000000e+00   7.0000000e+00   7.0000000e+00   1.0000000e+00  -1.0000000e+00
   7.8055500e+05   5.0000000e+00   1.0000000e+00   1.0000000e+00   6.0000000e+00   3.0000000e+00   1.0000000e+00   2.0000000e+00   1.0000000e+00   1.0000000e+00   1.0000000e+00
   8.3643300e+05   5.0000000e+00   1.0000000e+00   1.0000000e+00   3.0000000e+00   2.0000000e+00   1.0000000e+00   1.0000000e+00   1.0000000e+00   1.0000000e+00   1.0000000e+00
   1.0545930e+06   1.0000000e+01   5.0000000e+00   5.0000000e+00   3.0000000e+00   6.0000000e+00   7.0000000e+00   7.0000000e+00   1.0000000e+01   1.0000000e+00  -1.0000000e+00
   5.2932900e+05   1.0000000e+01   1.0000000e+01   1.0000000e+01   1.0000000e+01   1.0000000e+01   1.0000000e+01   4.0000000e+00   1.0000000e+01   1.0000000e+01  -1.0000000e+00
   7.6023900e+05   1.0000000e+01   4.0000000e+00   6.0000000e+00   4.0000000e+00   5.0000000e+00   1.0000000e+01   7.0000000e+00   1.0000000e+00   1.0000000e+00  -1.0000000e+00
   1.2777920e+06   5.0000000e+00   1.0000000e+00   1.0000000e+00   3.0000000e+00   2.0000000e+00   1.0000000e+00   1.0000000e+00   1.0000000e+00   1.0000000e+00   1.0000000e+00
   4.3280900e+05   3.0000000e+00   1.0000000e+00   3.0000000e+00   1.0000000e+00   2.0000000e+00   0.0000000e+00   2.0000000e+00   1.0000000e+00   1.0000000e+00   1.0000000e+00
   1.1083700e+06   9.0000000e+00   5.0000000e+00   8.0000000e+00   1.0000000e+00   2.0000000e+00   3.0000000e+00   2.0000000e+00   1.0000000e+00   5.0000000e+00  -1.0000000e+00
   1.1191890e+06   5.0000000e+00   8.0000000e+00   9.0000000e+00   4.0000000e+00   3.0000000e+00   1.0000000e+01   7.0000000e+00   1.0000000e+00   1.0000000e+00  -1.0000000e+00
   6.9162800e+05   8.0000000e+00   6.0000000e+00   4.0000000e+00   1.0000000e+01   1.0000000e+01   1.0000000e+00   3.0000000e+00   5.0000000e+00   1.0000000e+00  -1.0000000e+00
   1.2008920e+06   8.0000000e+00   6.0000000e+00   5.0000000e+00   4.0000000e+00   3.0000000e+00   1.0000000e+01   6.0000000e+00   1.0000000e+00   1.0000000e+00  -1.0000000e+00
   1.2079860e+06   5.0000000e+00   8.0000000e+00   4.0000000e+00   1.0000000e+01   5.0000000e+00   8.0000000e+00   9.0000000e+00   1.0000000e+01   1.0000000e+00  -1.0000000e+00
   1.3155060e+06   4.0000000e+00   8.0000000e+00   6.0000000e+00   3.0000000e+00   4.0000000e+00   1.0000000e+01   7.0000000e+00   1.0000000e+00   1.0000000e+00  -1.0000000e+00
   1.1157620e+06   3.0000000e+00   1.0000000e+00   1.0000000e+00   1.0000000e+00   2.0000000e+00   1.0000000e+00   1.0000000e+00   1.0000000e+00   1.0000000e+00   1.0000000e+00
   1.2181050e+06   5.0000000e+00   1.0000000e+01   1.0000000e+01   9.0000000e+00   6.0000000e+00   1.0000000e+01   7.0000000e+00   1.0000000e+01   5.0000000e+00  -1.0000000e+00
   1.2995960e+06   6.0000000e+00   6.0000000e+00   6.0000000e+00   5.0000000e+00   4.0000000e+00   1.0000000e+01   7.0000000e+00   6.0000000e+00   2.0000000e+00  -1.0000000e+00
   1.1798180e+06   2.0000000e+00   1.0000000e+00   1.0000000e+00   1.0000000e+00   2.0000000e+00   1.0000000e+00   3.0000000e+00   1.0000000e+00   1.0000000e+00   1.0000000e+00
   1.3338770e+06   5.0000000e+00   4.0000000e+00   5.0000000e+00   1.0000000e+00   8.0000000e+00   1.0000000e+00   3.0000000e+00   6.0000000e+00   1.0000000e+00   1.0000000e+00
   1.3304390e+06   4.0000000e+00   7.0000000e+00   8.0000000e+00   3.0000000e+00   4.0000000e+00   1.0000000e+01   9.0000000e+00   1.0000000e+00   1.0000000e+00  -1.0000000e+00
   1.2585490e+06   9.0000000e+00   1.0000000e+01   1.0000000e+01   1.0000000e+01   1.0000000e+01   1.0000000e+01   1.0000000e+01   1.0000000e+01   1.0000000e+00  -1.0000000e+00
   1.0963520e+06   6.0000000e+00   3.0000000e+00   3.0000000e+00   3.0000000e+00   3.0000000e+00   2.0000000e+00   6.0000000e+00   1.0000000e+00   1.0000000e+00   1.0000000e+00
   7.6961200e+05   4.0000000e+00   1.0000000e+00   1.0000000e+00   1.0000000e+00   2.0000000e+00   1.0000000e+00   1.0000000e+00   1.0000000e+00   1.0000000e+00   1.0000000e+00
   1.1055240e+06   4.0000000e+00   1.0000000e+00   1.0000000e+00   1.0000000e+00   2.0000000e+00   1.0000000e+00   1.0000000e+00   1.0000000e+00   1.0000000e+00   1.0000000e+00
   1.2720390e+06   1.0000000e+00   1.0000000e+00   1.0000000e+00   1.0000000e+00   2.0000000e+00   1.0000000e+00   2.0000000e+00   1.0000000e+00   1.0000000e+00   1.0000000e+00
   6.3584400e+05   8.0000000e+00   4.0000000e+00   1.0000000e+01   5.0000000e+00   4.0000000e+00   4.0000000e+00   7.0000000e+00   1.0000000e+01   1.0000000e+00  -1.0000000e+00
   5.2144100e+05   5.0000000e+00   1.0000000e+00   1.0000000e+00   2.0000000e+00   2.0000000e+00   1.0000000e+00   2.0000000e+00   1.0000000e+00   1.0000000e+00   1.0000000e+00
   5.2733700e+05   4.0000000e+00   1.0000000e+00   1.0000000e+00   1.0000000e+00   2.0000000e+00   1.0000000e+00   1.0000000e+00   1.0000000e+00   1.0000000e+00   1.0000000e+00
   1.2984840e+06   1.0000000e+01   3.0000000e+00   4.0000000e+00   5.0000000e+00   3.0000000e+00   1.0000000e+01   4.0000000e+00   1.0000000e+00   1.0000000e+00  -1.0000000e+00
   1.1005240e+06   6.0000000e+00   1.0000000e+01   1.0000000e+01   2.0000000e+00   8.0000000e+00   1.0000000e+01   7.0000000e+00   3.0000000e+00   3.0000000e+00  -1.0000000e+00
   1.0025040e+06   3.0000000e+00   2.0000000e+00   2.0000000e+00   2.0000000e+00   2.0000000e+00   1.0000000e+00   3.0000000e+00   2.0000000e+00   1.0000000e+00   1.0000000e+00
   1.3063390e+06   4.0000000e+00   4.0000000e+00   2.0000000e+00   1.0000000e+00   2.0000000e+00   5.0000000e+00   2.0000000e+00   1.0000000e+00   2.0000000e+00   1.0000000e+00
   1.2760910e+06   2.0000000e+00   1.0000000e+00   1.0000000e+00   1.0000000e+00   2.0000000e+00   1.0000000e+00   2.0000000e+00   1.0000000e+00   1.0000000e+00   1.0000000e+00
   1.2951860e+06   1.0000000e+01   1.0000000e+01   1.0000000e+01   1.0000000e+00   6.0000000e+00   1.0000000e+00   2.0000000e+00   8.0000000e+00   1.0000000e+00  -1.0000000e+00
   1.4293200e+05   7.0000000e+00   6.0000000e+00   1.0000000e+01   5.0000000e+00   3.0000000e+00   1.0000000e+01   9.0000000e+00   1.0000000e+01   2.0000000e+00  -1.0000000e+00
   1.1733470e+06   8.0000000e+00   3.0000000e+00   3.0000000e+00   1.0000000e+00   2.0000000e+00   2.0000000e+00   3.0000000e+00   2.0000000e+00   1.0000000e+00   1.0000000e+00
   8.5552400e+05   1.0000000e+00   1.0000000e+00   1.0000000e+00   1.0000000e+00   2.0000000e+00   1.0000000e+00   2.0000000e+00   1.0000000e+00   1.0000000e+00   1.0000000e+00
   1.3441210e+06   8.0000000e+00   1.0000000e+01   4.0000000e+00   4.0000000e+00   8.0000000e+00   1.0000000e+01   8.0000000e+00   2.0000000e+00   1.0000000e+00  -1.0000000e+00
   8.3069000e+05   5.0000000e+00   2.0000000e+00   2.0000000e+00   2.0000000e+00   3.0000000e+00   1.0000000e+00   1.0000000e+00   3.0000000e+00   1.0000000e+00   1.0000000e+00
   1.2008470e+06   6.0000000e+00   1.0000000e+01   1.0000000e+01   1.0000000e+01   8.0000000e+00   1.0000000e+01   1.0000000e+01   1.0000000e+01   7.0000000e+00  -1.0000000e+00
   7.0642600e+05   5.0000000e+00   5.0000000e+00   5.0000000e+00   2.0000000e+00   5.0000000e+00   1.0000000e+01   4.0000000e+00   3.0000000e+00   1.0000000e+00  -1.0000000e+00
   2.6353800e+05   5.0000000e+00   1.0000000e+01   1.0000000e+01   6.0000000e+00   1.0000000e+01   1.0000000e+01   1.0000000e+01   6.0000000e+00   5.0000000e+00  -1.0000000e+00
   6.8597700e+05   5.0000000e+00   3.0000000e+00   4.0000000e+00   1.0000000e+00   4.0000000e+00   1.0000000e+00   3.0000000e+00   1.0000000e+00   1.0000000e+00   1.0000000e+00
   1.1690490e+06   7.0000000e+00   3.0000000e+00   4.0000000e+00   4.0000000e+00   3.0000000e+00   3.0000000e+00   3.0000000e+00   2.0000000e+00   7.0000000e+00  -1.0000000e+00
   1.2590080e+06   8.0000000e+00   8.0000000e+00   9.0000000e+00   6.0000000e+00   6.0000000e+00   3.0000000e+00   1.0000000e+01   1.0000000e+01   1.0000000e+00  -1.0000000e+00
   6.9055700e+05   5.0000000e+00   1.0000000e+00   1.0000000e+00   1.0000000e+00   2.0000000e+00   1.0000000e+00   2.0000000e+00   1.0000000e+00   1.0000000e+00   1.0000000e+00
   1.2224640e+06   6.0000000e+00   1.0000000e+01   1.0000000e+01   1.0000000e+01   4.0000000e+00   1.0000000e+01   7.0000000e+00   1.0000000e+01   1.0000000e+00  -1.0000000e+00
   1.2301750e+06   1.0000000e+01   1.0000000e+01   1.0000000e+01   3.0000000e+00   1.0000000e+01   1.0000000e+01   9.0000000e+00   1.0000000e+01   1.0000000e+00  -1.0000000e+00
   1.2406030e+06   3.0000000e+00   1.0000000e+00   1.0000000e+00   1.0000000e+00   1.0000000e+00   1.0000000e+00   1.0000000e+00   1.0000000e+00   1.0000000e+00   1.0000000e+00
   1.2122320e+06   5.0000000e+00   1.0000000e+00   1.0000000e+00   1.0000000e+00   2.0000000e+00   1.0000000e+00   2.0000000e+00   1.0000000e+00   1.0000000e+00   1.0000000e+00
   1.4544700e+05   8.0000000e+00   4.0000000e+00   4.0000000e+00   1.0000000e+00   2.0000000e+00   9.0000000e+00   3.0000000e+00   3.0000000e+00   1.0000000e+00  -1.0000000e+00
   1.1037220e+06   1.0000000e+00   1.0000000e+00   1.0000000e+00   1.0000000e+00   2.0000000e+00   1.0000000e+00   2.0000000e+00   1.0000000e+00   2.0000000e+00   1.0000000e+00
   8.7835800e+05   5.0000000e+00   7.0000000e+00   1.0000000e+01   6.0000000e+00   5.0000000e+00   1.0000000e+01   7.0000000e+00   5.0000000e+00   1.0000000e+00  -1.0000000e+00
   5.0823400e+05   7.0000000e+00   4.0000000e+00   5.0000000e+00   1.0000000e+01   2.0000000e+00   1.0000000e+01   3.0000000e+00   8.0000000e+00   2.0000000e+00  -1.0000000e+00
   1.2802580e+06   4.0000000e+00   1.0000000e+00   1.0000000e+00   1.0000000e+00   2.0000000e+00   1.0000000e+00   1.0000000e+00   2.0000000e+00   1.0000000e+00   1.0000000e+00
   1.2661540e+06   8.0000000e+00   7.0000000e+00   8.0000000e+00   2.0000000e+00   4.0000000e+00   2.0000000e+00   5.0000000e+00   1.0000000e+01   1.0000000e+00  -1.0000000e+00
   6.0314800e+05   4.0000000e+00   1.0000000e+00   1.0000000e+00   1.0000000e+00   2.0000000e+00   1.0000000e+00   1.0000000e+00   1.0000000e+00   1.0000000e+00   1.0000000e+00
   1.1923250e+06   5.0000000e+00   5.0000000e+00   5.0000000e+00   6.0000000e+00   3.0000000e+00   1.0000000e+01   3.0000000e+00   1.0000000e+00   1.0000000e+00  -1.0000000e+00
   1.1657900e+06   5.0000000e+00   1.0000000e+00   1.0000000e+00   1.0000000e+00   2.0000000e+00   1.0000000e+00   3.0000000e+00   1.0000000e+00   1.0000000e+00   1.0000000e+00
   1.2172640e+06   1.0000000e+00   1.0000000e+00   1.0000000e+00   1.0000000e+00   2.0000000e+00   1.0000000e+00   3.0000000e+00   1.0000000e+00   1.0000000e+00   1.0000000e+00
   1.1604760e+06   2.0000000e+00   1.0000000e+00   1.0000000e+00   1.0000000e+00   2.0000000e+00   1.0000000e+00   3.0000000e+00   1.0000000e+00   1.0000000e+00   1.0000000e+00
   1.1884720e+06   1.0000000e+00   1.0000000e+00   1.0000000e+00   1.0000000e+00   1.0000000e+00   1.0000000e+00   3.0000000e+00   1.0000000e+00   1.0000000e+00   1.0000000e+00
   1.2380210e+06   1.0000000e+00   1.0000000e+00   1.0000000e+00   1.0000000e+00   2.0000000e+00   1.0000000e+00   2.0000000e+00   1.0000000e+00   1.0000000e+00   1.0000000e+00
   5.3670800e+05   1.0000000e+00   1.0000000e+00   1.0000000e+00   1.0000000e+00   2.0000000e+00   1.0000000e+00   1.0000000e+00   1.0000000e+00   1.0000000e+00   1.0000000e+00
   1.1869360e+06   2.0000000e+00   1.0000000e+00   3.0000000e+00   2.0000000e+00   2.0000000e+00   1.0000000e+00   2.0000000e+00   1.0000000e+00   1.0000000e+00   1.0000000e+00
   1.2465620e+06   1.0000000e+01   2.0000000e+00   2.0000000e+00   1.0000000e+00   2.0000000e+00   6.0000000e+00   1.0000000e+00   1.0000000e+00   2.0000000e+00  -1.0000000e+00
   1.1975100e+06   5.0000000e+00   1.0000000e+00   1.0000000e+00   1.0000000e+00   2.0000000e+00   0.0000000e+00   3.0000000e+00   1.0000000e+00   1.0000000e+00   1.0000000e+00
   1.2299290e+06   1.0000000e+00   1.0000000e+00   1.0000000e+00   1.0000000e+00   2.0000000e+00   1.0000000e+00   2.0000000e+00   1.0000000e+00   1.0000000e+00   1.0000000e+00
   1.2617510e+06   5.0000000e+00   1.0000000e+00   1.0000000e+00   1.0000000e+00   2.0000000e+00   1.0000000e+00   2.0000000e+00   2.0000000e+00   1.0000000e+00   1.0000000e+00
   1.1839110e+06   2.0000000e+00   1.0000000e+00   1.0000000e+00   1.0000000e+00   2.0000000e+00   1.0000000e+00   1.0000000e+00   1.0000000e+00   1.0000000e+00   1.0000000e+00
   1.0185610e+06   2.0000000e+00   1.0000000e+00   2.0000000e+00   1.0000000e+00   2.0000000e+00   1.0000000e+00   3.0000000e+00   1.0000000e+00   1.0000000e+00   1.0000000e+00
   1.0595520e+06   1.0000000e+00   1.0000000e+00   1.0000000e+00   1.0000000e+00   2.0000000e+00   1.0000000e+00   3.0000000e+00   1.0000000e+00   1.0000000e+00   1.0000000e+00
   1.2535050e+06   2.0000000e+00   3.0000000e+00   1.0000000e+00   1.0000000e+00   5.0000000e+00   1.0000000e+00   1.0000000e+00   1.0000000e+00   1.0000000e+00   1.0000000e+00
   1.2688040e+06   3.0000000e+00   1.0000000e+00   1.0000000e+00   1.0000000e+00   2.0000000e+00   5.0000000e+00   1.0000000e+00   1.0000000e+00   1.0000000e+00   1.0000000e+00
   7.0928700e+05   6.0000000e+00   8.0000000e+00   7.0000000e+00   8.0000000e+00   6.0000000e+00   8.0000000e+00   8.0000000e+00   9.0000000e+00   1.0000000e+00  -1.0000000e+00
   5.6147700e+05   1.0000000e+00   1.0000000e+00   1.0000000e+00   1.0000000e+00   2.0000000e+00   1.0000000e+00   3.0000000e+00   1.0000000e+00   1.0000000e+00   1.0000000e+00
   1.2140920e+06   1.0000000e+00   1.0000000e+00   1.0000000e+00   1.0000000e+00   2.0000000e+00   1.0000000e+00   1.0000000e+00   1.0000000e+00   1.0000000e+00   1.0000000e+00
   1.0619900e+06   1.0000000e+00   1.0000000e+00   3.0000000e+00   2.0000000e+00   2.0000000e+00   1.0000000e+00   3.0000000e+00   1.0000000e+00   1.0000000e+00   1.0000000e+00
   1.3246810e+06   4.0000000e+00   1.0000000e+00   1.0000000e+00   1.0000000e+00   2.0000000e+00   1.0000000e+00   2.0000000e+00   1.0000000e+00   1.0000000e+00   1.0000000e+00
   4.3451800e+05   3.0000000e+00   1.0000000e+00   1.0000000e+00   1.0000000e+00   2.0000000e+00   1.0000000e+00   2.0000000e+00   1.0000000e+00   1.0000000e+00   1.0000000e+00
   1.0486720e+06   4.0000000e+00   1.0000000e+00   1.0000000e+00   1.0000000e+00   2.0000000e+00   1.0000000e+00   2.0000000e+00   1.0000000e+00   1.0000000e+00   1.0000000e+00
   1.2772680e+06   3.0000000e+00   3.0000000e+00   1.0000000e+00   1.0000000e+00   2.0000000e+00   1.0000000e+00   1.0000000e+00   1.0000000e+00   1.0000000e+00   1.0000000e+00
   1.1246510e+06   1.0000000e+00   3.0000000e+00   3.0000000e+00   2.0000000e+00   2.0000000e+00   1.0000000e+00   7.0000000e+00   2.0000000e+00   1.0000000e+00   1.0000000e+00
   1.3181690e+06   9.0000000e+00   1.0000000e+01   1.0000000e+01   1.0000000e+01   1.0000000e+01   5.0000000e+00   1.0000000e+01   1.0000000e+01   1.0000000e+01  -1.0000000e+00
   1.2406030e+06   2.0000000e+00   1.0000000e+00   1.0000000e+00   1.0000000e+00   1.0000000e+00   1.0000000e+00   1.0000000e+00   1.0000000e+00   1.0000000e+00   1.0000000e+00
   1.3196090e+06   3.0000000e+00   1.0000000e+00   1.0000000e+00   2.0000000e+00   3.0000000e+00   4.0000000e+00   1.0000000e+00   1.0000000e+00   1.0000000e+00   1.0000000e+00
   1.2022530e+06   5.0000000e+00   1.0000000e+00   1.0000000e+00   1.0000000e+00   2.0000000e+00   1.0000000e+00   1.0000000e+00   1.0000000e+00   1.0000000e+00   1.0000000e+00
   1.2188600e+06   1.0000000e+00   1.0000000e+00   1.0000000e+00   1.0000000e+00   1.0000000e+00   1.0000000e+00   3.0000000e+00   1.0000000e+00   1.0000000e+00   1.0000000e+00
   7.6323500e+05   3.0000000e+00   1.0000000e+00   1.0000000e+00   1.0000000e+00   2.0000000e+00   1.0000000e+00   2.0000000e+00   1.0000000e+00   2.0000000e+00   1.0000000e+00
   1.1331360e+06   3.0000000e+00   1.0000000e+00   1.0000000e+00   1.0000000e+00   2.0000000e+00   3.0000000e+00   3.0000000e+00   1.0000000e+00   1.0000000e+00   1.0000000e+00
   1.2169470e+06   1.0000000e+00   1.0000000e+00   1.0000000e+00   1.0000000e+00   2.0000000e+00   1.0000000e+00   3.0000000e+00   1.0000000e+00   1.0000000e+00   1.0000000e+00
   1.3552600e+06   1.0000000e+00   1.0000000e+00   1.0000000e+00   1.0000000e+00   2.0000000e+00   1.0000000e+00   2.0000000e+00   1.0000000e+00   1.0000000e+00   1.0000000e+00
   1.1122090e+06   8.0000000e+00   1.0000000e+01   1.0000000e+01   1.0000000e+00   3.0000000e+00   6.0000000e+00   3.0000000e+00   9.0000000e+00   1.0000000e+00  -1.0000000e+00
   1.2578150e+06   5.0000000e+00   1.0000000e+00   3.0000000e+00   1.0000000e+00   2.0000000e+00   1.0000000e+00   2.0000000e+00   1.0000000e+00   1.0000000e+00   1.0000000e+00
   1.1824040e+06   5.0000000e+00   1.0000000e+00   4.0000000e+00   1.0000000e+00   2.0000000e+00   1.0000000e+00   3.0000000e+00   2.0000000e+00   1.0000000e+00   1.0000000e+00
   1.2318530e+06   4.0000000e+00   2.0000000e+00   2.0000000e+00   1.0000000e+00   2.0000000e+00   1.0000000e+00   2.0000000e+00   1.0000000e+00   1.0000000e+00   1.0000000e+00
   1.0995100e+06   1.0000000e+01   4.0000000e+00   3.0000000e+00   1.0000000e+00   3.0000000e+00   3.0000000e+00   6.0000000e+00   5.0000000e+00   2.0000000e+00  -1.0000000e+00
   5.2736300e+05   8.0000000e+00   1.0000000e+01   1.0000000e+01   1.0000000e+01   8.0000000e+00   1.0000000e+01   1.0000000e+01   7.0000000e+00   3.0000000e+00  -1.0000000e+00
   1.1733470e+06   1.0000000e+00   1.0000000e+00   1.0000000e+00   1.0000000e+00   2.0000000e+00   5.0000000e+00   1.0000000e+00   1.0000000e+00   1.0000000e+00   1.0000000e+00
   1.2412320e+06   3.0000000e+00   1.0000000e+00   4.0000000e+00   1.0000000e+00   2.0000000e+00   0.0000000e+00   3.0000000e+00   1.0000000e+00   1.0000000e+00   1.0000000e+00
   1.3219420e+06   5.0000000e+00   1.0000000e+00   1.0000000e+00   1.0000000e+00   2.0000000e+00   1.0000000e+00   3.0000000e+00   1.0000000e+00   1.0000000e+00   1.0000000e+00
   6.8803300e+05   1.0000000e+00   1.0000000e+00   1.0000000e+00   1.0000000e+00   2.0000000e+00   1.0000000e+00   1.0000000e+00   1.0000000e+00   1.0000000e+00   1.0000000e+00
   1.2805900e+05   1.0000000e+00   1.0000000e+00   1.0000000e+00   1.0000000e+00   2.0000000e+00   5.0000000e+00   5.0000000e+00   1.0000000e+00   1.0000000e+00   1.0000000e+00
   3.5309800e+05   4.0000000e+00   1.0000000e+00   1.0000000e+00   2.0000000e+00   2.0000000e+00   1.0000000e+00   1.0000000e+00   1.0000000e+00   1.0000000e+00   1.0000000e+00
   3.8510300e+05   1.0000000e+00   1.0000000e+00   1.0000000e+00   1.0000000e+00   2.0000000e+00   1.0000000e+00   3.0000000e+00   1.0000000e+00   1.0000000e+00   1.0000000e+00
   1.2112650e+06   3.0000000e+00   1.0000000e+01   8.0000000e+00   7.0000000e+00   6.0000000e+00   9.0000000e+00   9.0000000e+00   3.0000000e+00   8.0000000e+00  -1.0000000e+00
   1.2399670e+06   1.0000000e+00   1.0000000e+00   1.0000000e+00   1.0000000e+00   2.0000000e+00   1.0000000e+00   2.0000000e+00   1.0000000e+00   1.0000000e+00   1.0000000e+00
   3.2067500e+05   3.0000000e+00   3.0000000e+00   5.0000000e+00   2.0000000e+00   3.0000000e+00   1.0000000e+01   7.0000000e+00   1.0000000e+00   1.0000000e+00  -1.0000000e+00
   1.2376740e+06   3.0000000e+00   1.0000000e+00   2.0000000e+00   1.0000000e+00   2.0000000e+00   1.0000000e+00   2.0000000e+00   1.0000000e+00   1.0000000e+00   1.0000000e+00
   1.2253820e+06   6.0000000e+00   2.0000000e+00   3.0000000e+00   1.0000000e+00   2.0000000e+00   1.0000000e+00   1.0000000e+00   1.0000000e+00   1.0000000e+00   1.0000000e+00
   1.1112490e+06   1.0000000e+01   6.0000000e+00   6.0000000e+00   3.0000000e+00   4.0000000e+00   5.0000000e+00   3.0000000e+00   6.0000000e+00   1.0000000e+00  -1.0000000e+00
   1.6935600e+05   3.0000000e+00   1.0000000e+00   1.0000000e+00   1.0000000e+00   2.0000000e+00   0.0000000e+00   3.0000000e+00   1.0000000e+00   1.0000000e+00   1.0000000e+00
   1.3340710e+06   4.0000000e+00   1.0000000e+00   1.0000000e+00   1.0000000e+00   2.0000000e+00   3.0000000e+00   2.0000000e+00   1.0000000e+00   1.0000000e+00   1.0000000e+00
   1.1986410e+06   3.0000000e+00   1.0000000e+00   1.0000000e+00   1.0000000e+00   2.0000000e+00   1.0000000e+00   3.0000000e+00   1.0000000e+00   1.0000000e+00   1.0000000e+00
   8.2337040e+06   4.0000000e+00   1.0000000e+00   1.0000000e+00   1.0000000e+00   1.0000000e+00   1.0000000e+00   2.0000000e+00   1.0000000e+00   1.0000000e+00   1.0000000e+00
   1.2944130e+06   1.0000000e+00   1.0000000e+00   1.0000000e+00   1.0000000e+00   2.0000000e+00   1.0000000e+00   1.0000000e+00   1.0000000e+00   1.0000000e+00   1.0000000e+00
   1.2243290e+06   1.0000000e+00   1.0000000e+00   1.0000000e+00   2.0000000e+00   2.0000000e+00   1.0000000e+00   3.0000000e+00   1.0000000e+00   1.0000000e+00   1.0000000e+00
   1.1770270e+06   3.0000000e+00   1.0000000e+00   1.0000000e+00   1.0000000e+00   2.0000000e+00   1.0000000e+00   3.0000000e+00   1.0000000e+00   1.0000000e+00   1.0000000e+00
   1.2410350e+06   7.0000000e+00   8.0000000e+00   3.0000000e+00   7.0000000e+00   4.0000000e+00   5.0000000e+00   7.0000000e+00   8.0000000e+00   2.0000000e+00  -1.0000000e+00
   1.1152930e+06   1.0000000e+00   1.0000000e+00   1.0000000e+00   1.0000000e+00   2.0000000e+00   1.0000000e+00   1.0000000e+00   1.0000000e+00   1.0000000e+00   1.0000000e+00
   1.2606590e+06   3.0000000e+00   1.0000000e+00   4.0000000e+00   1.0000000e+00   2.0000000e+00   1.0000000e+00   1.0000000e+00   1.0000000e+00   1.0000000e+00   1.0000000e+00
   1.3200770e+06   1.0000000e+00   1.0000000e+00   1.0000000e+00   1.0000000e+00   1.0000000e+00   1.0000000e+00   2.0000000e+00   1.0000000e+00   1.0000000e+00   1.0000000e+00
   1.2230030e+06   5.0000000e+00   3.0000000e+00   3.0000000e+00   1.0000000e+00   2.0000000e+00   1.0000000e+00   2.0000000e+00   1.0000000e+00   1.0000000e+00   1.0000000e+00
   1.1060950e+06   4.0000000e+00   1.0000000e+00   1.0000000e+00   3.0000000e+00   2.0000000e+00   1.0000000e+00   3.0000000e+00   1.0000000e+00   1.0000000e+00   1.0000000e+00
   1.2283110e+06   1.0000000e+00   1.0000000e+00   1.0000000e+00   1.0000000e+00   1.0000000e+00   1.0000000e+00   3.0000000e+00   1.0000000e+00   1.0000000e+00   1.0000000e+00
   1.1735090e+06   4.0000000e+00   5.0000000e+00   5.0000000e+00   1.0000000e+01   4.0000000e+00   1.0000000e+01   7.0000000e+00   5.0000000e+00   8.0000000e+00  -1.0000000e+00
   5.6364900e+05   8.0000000e+00   8.0000000e+00   8.0000000e+00   1.0000000e+00   2.0000000e+00   0.0000000e+00   6.0000000e+00   1.0000000e+01   1.0000000e+00  -1.0000000e+00
   1.0570670e+06   1.0000000e+00   1.0000000e+00   1.0000000e+00   1.0000000e+00   1.0000000e+00   0.0000000e+00   1.0000000e+00   1.0000000e+00   1.0000000e+00   1.0000000e+00
   8.7794300e+05   3.0000000e+00   1.0000000e+01   3.0000000e+00   1.0000000e+01   6.0000000e+00   1.0000000e+01   5.0000000e+00   1.0000000e+00   4.0000000e+00  -1.0000000e+00
   1.3397810e+06   4.0000000e+00   1.0000000e+00   1.0000000e+00   1.0000000e+00   2.0000000e+00   1.0000000e+00   3.0000000e+00   1.0000000e+00   1.0000000e+00   1.0000000e+00
   6.8495500e+05   2.0000000e+00   1.0000000e+00   1.0000000e+00   1.0000000e+00   3.0000000e+00   1.0000000e+00   2.0000000e+00   1.0000000e+00   1.0000000e+00   1.0000000e+00
   1.3139820e+06   4.0000000e+00   3.0000000e+00   1.0000000e+00   1.0000000e+00   2.0000000e+00   1.0000000e+00   4.0000000e+00   8.0000000e+00   1.0000000e+00   1.0000000e+00
   1.3719200e+06   5.0000000e+00   1.0000000e+00   1.0000000e+00   1.0000000e+00   2.0000000e+00   1.0000000e+00   3.0000000e+00   2.0000000e+00   1.0000000e+00   1.0000000e+00
   1.0170230e+06   4.0000000e+00   1.0000000e+00   1.0000000e+00   3.0000000e+00   2.0000000e+00   1.0000000e+00   3.0000000e+00   1.0000000e+00   1.0000000e+00   1.0000000e+00
   7.3382300e+05   5.0000000e+00   4.0000000e+00   6.0000000e+00   1.0000000e+01   2.0000000e+00   1.0000000e+01   4.0000000e+00   1.0000000e+00   1.0000000e+00  -1.0000000e+00
   1.1361420e+06   2.0000000e+00   1.0000000e+00   1.0000000e+00   1.0000000e+00   3.0000000e+00   1.0000000e+00   2.0000000e+00   1.0000000e+00   1.0000000e+00   1.0000000e+00
   6.0614000e+05   1.0000000e+00   1.0000000e+00   1.0000000e+00   1.0000000e+00   2.0000000e+00   0.0000000e+00   2.0000000e+00   1.0000000e+00   1.0000000e+00   1.0000000e+00
   1.3650750e+06   4.0000000e+00   1.0000000e+00   4.0000000e+00   1.0000000e+00   2.0000000e+00   1.0000000e+00   1.0000000e+00   1.0000000e+00   1.0000000e+00   1.0000000e+00
   1.3340150e+06   7.0000000e+00   8.0000000e+00   8.0000000e+00   7.0000000e+00   3.0000000e+00   1.0000000e+01   7.0000000e+00   2.0000000e+00   3.0000000e+00  -1.0000000e+00
   1.1488730e+06   3.0000000e+00   6.0000000e+00   6.0000000e+00   6.0000000e+00   5.0000000e+00   1.0000000e+01   6.0000000e+00   8.0000000e+00   3.0000000e+00  -1.0000000e+00
   1.2260120e+06   4.0000000e+00   1.0000000e+00   1.0000000e+00   3.0000000e+00   1.0000000e+00   5.0000000e+00   2.0000000e+00   1.0000000e+00   1.0000000e+00  -1.0000000e+00
   1.0506700e+06   1.0000000e+01   7.0000000e+00   7.0000000e+00   6.0000000e+00   4.0000000e+00   1.0000000e+01   4.0000000e+00   1.0000000e+00   2.0000000e+00  -1.0000000e+00
   8.2762700e+05   2.0000000e+00   1.0000000e+00   1.0000000e+00   1.0000000e+00   2.0000000e+00   1.0000000e+00   1.0000000e+00   1.0000000e+00   1.0000000e+00   1.0000000e+00
   1.1068290e+06   7.0000000e+00   8.0000000e+00   7.0000000e+00   2.0000000e+00   4.0000000e+00   8.0000000e+00   3.0000000e+00   8.0000000e+00   2.0000000e+00  -1.0000000e+00
   1.2179520e+06   4.0000000e+00   1.0000000e+00   1.0000000e+00   1.0000000e+00   2.0000000e+00   1.0000000e+00   2.0000000e+00   1.0000000e+00   1.0000000e+00   1.0000000e+00
   1.2229360e+06   8.0000000e+00   7.0000000e+00   8.0000000e+00   7.0000000e+00   5.0000000e+00   5.0000000e+00   5.0000000e+00   1.0000000e+01   2.0000000e+00  -1.0000000e+00
   1.0802330e+06   7.0000000e+00   6.0000000e+00   6.0000000e+00   3.0000000e+00   2.0000000e+00   1.0000000e+01   7.0000000e+00   1.0000000e+00   1.0000000e+00  -1.0000000e+00
   1.0171220e+06   8.0000000e+00   1.0000000e+01   1.0000000e+01   8.0000000e+00   7.0000000e+00   1.0000000e+01   9.0000000e+00   7.0000000e+00   1.0000000e+00  -1.0000000e+00
   4.9345200e+05   4.0000000e+00   1.0000000e+00   2.0000000e+00   1.0000000e+00   2.0000000e+00   1.0000000e+00   2.0000000e+00   1.0000000e+00   1.0000000e+00   1.0000000e+00
   1.0588490e+06   5.0000000e+00   1.0000000e+00   1.0000000e+00   1.0000000e+00   2.0000000e+00   1.0000000e+00   1.0000000e+00   1.0000000e+00   1.0000000e+00   1.0000000e+00
   1.2879710e+06   3.0000000e+00   1.0000000e+00   1.0000000e+00   1.0000000e+00   2.0000000e+00   1.0000000e+00   2.0000000e+00   1.0000000e+00   1.0000000e+00   1.0000000e+00
   1.0162770e+06   6.0000000e+00   8.0000000e+00   8.0000000e+00   1.0000000e+00   3.0000000e+00   4.0000000e+00   3.0000000e+00   7.0000000e+00   1.0000000e+00   1.0000000e+00
   1.2777920e+06   4.0000000e+00   1.0000000e+00   1.0000000e+00   1.0000000e+00   2.0000000e+00   1.0000000e+00   1.0000000e+00   1.0000000e+00   1.0000000e+00   1.0000000e+00
   1.2384100e+06   2.0000000e+00   3.0000000e+00   1.0000000e+00   1.0000000e+00   3.0000000e+00   1.0000000e+00   1.0000000e+00   1.0000000e+00   1.0000000e+00   1.0000000e+00
   1.3133250e+06   4.0000000e+00   1.0000000e+01   4.0000000e+00   7.0000000e+00   3.0000000e+00   1.0000000e+01   9.0000000e+00   1.0000000e+01   1.0000000e+00  -1.0000000e+00
   4.1145300e+05   1.0000000e+00   1.0000000e+00   1.0000000e+00   1.0000000e+00   2.0000000e+00   1.0000000e+00   1.0000000e+00   1.0000000e+00   1.0000000e+00   1.0000000e+00
   1.2066950e+06   1.0000000e+00   5.0000000e+00   8.0000000e+00   6.0000000e+00   5.0000000e+00   8.0000000e+00   7.0000000e+00   1.0000000e+01   1.0000000e+00  -1.0000000e+00
   1.0498150e+06   4.0000000e+00   1.0000000e+00   1.0000000e+00   1.0000000e+00   2.0000000e+00   1.0000000e+00   3.0000000e+00   1.0000000e+00   1.0000000e+00   1.0000000e+00
   1.2392320e+06   3.0000000e+00   3.0000000e+00   2.0000000e+00   6.0000000e+00   3.0000000e+00   3.0000000e+00   3.0000000e+00   5.0000000e+00   1.0000000e+00   1.0000000e+00
   1.0793040e+06   2.0000000e+00   1.0000000e+00   1.0000000e+00   1.0000000e+00   2.0000000e+00   1.0000000e+00   2.0000000e+00   1.0000000e+00   1.0000000e+00   1.0000000e+00
   4.2859800e+05   1.0000000e+00   1.0000000e+00   3.0000000e+00   1.0000000e+00   1.0000000e+00   1.0000000e+00   2.0000000e+00   1.0000000e+00   1.0000000e+00   1.0000000e+00
   1.1161320e+06   6.0000000e+00   3.0000000e+00   4.0000000e+00   1.0000000e+00   5.0000000e+00   2.0000000e+00   3.0000000e+00   9.0000000e+00   1.0000000e+00  -1.0000000e+00
   1.2962630e+06   4.0000000e+00   1.0000000e+00   1.0000000e+00   1.0000000e+00   2.0000000e+00   1.0000000e+00   1.0000000e+00   1.0000000e+00   1.0000000e+00   1.0000000e+00
   1.1824040e+06   3.0000000e+00   1.0000000e+00   1.0000000e+00   1.0000000e+00   2.0000000e+00   1.0000000e+00   1.0000000e+00   1.0000000e+00   1.0000000e+00   1.0000000e+00
   1.1105030e+06   5.0000000e+00   5.0000000e+00   5.0000000e+00   8.0000000e+00   1.0000000e+01   8.0000000e+00   7.0000000e+00   3.0000000e+00   7.0000000e+00  -1.0000000e+00
   1.2018340e+06   2.0000000e+00   1.0000000e+00   1.0000000e+00   1.0000000e+00   2.0000000e+00   1.0000000e+00   3.0000000e+00   1.0000000e+00   1.0000000e+00   1.0000000e+00
   8.0991200e+05   1.0000000e+01   3.0000000e+00   3.0000000e+00   1.0000000e+00   2.0000000e+00   1.0000000e+01   7.0000000e+00   6.0000000e+00   1.0000000e+00  -1.0000000e+00
   1.2124220e+06   4.0000000e+00   1.0000000e+00   1.0000000e+00   1.0000000e+00   2.0000000e+00   1.0000000e+00   3.0000000e+00   1.0000000e+00   1.0000000e+00   1.0000000e+00
   1.1824100e+06   3.0000000e+00   1.0000000e+00   1.0000000e+00   1.0000000e+00   2.0000000e+00   1.0000000e+00   1.0000000e+00   1.0000000e+00   1.0000000e+00   1.0000000e+00
   1.2704790e+06   5.0000000e+00   1.0000000e+00   3.0000000e+00   3.0000000e+00   2.0000000e+00   2.0000000e+00   2.0000000e+00   3.0000000e+00   1.0000000e+00   1.0000000e+00
   7.8745100e+05   5.0000000e+00   1.0000000e+00   2.0000000e+00   1.0000000e+00   2.0000000e+00   1.0000000e+00   1.0000000e+00   1.0000000e+00   1.0000000e+00   1.0000000e+00
   1.2776290e+06   5.0000000e+00   1.0000000e+00   1.0000000e+00   1.0000000e+00   2.0000000e+00   1.0000000e+00   2.0000000e+00   2.0000000e+00   1.0000000e+00   1.0000000e+00
   7.1403900e+05   3.0000000e+00   1.0000000e+00   1.0000000e+00   1.0000000e+00   2.0000000e+00   1.0000000e+00   1.0000000e+00   1.0000000e+00   1.0000000e+00   1.0000000e+00
   1.2576480e+06   4.0000000e+00   3.0000000e+00   3.0000000e+00   1.0000000e+00   2.0000000e+00   1.0000000e+00   3.0000000e+00   3.0000000e+00   1.0000000e+00   1.0000000e+00
   1.1874570e+06   3.0000000e+00   1.0000000e+00   1.0000000e+00   3.0000000e+00   8.0000000e+00   1.0000000e+00   5.0000000e+00   8.0000000e+00   1.0000000e+00   1.0000000e+00
   1.1152930e+06   1.0000000e+00   1.0000000e+00   1.0000000e+00   1.0000000e+00   2.0000000e+00   2.0000000e+00   2.0000000e+00   1.0000000e+00   1.0000000e+00   1.0000000e+00
   5.5758300e+05   5.0000000e+00   1.0000000e+01   1.0000000e+01   1.0000000e+01   1.0000000e+01   1.0000000e+01   1.0000000e+01   1.0000000e+00   1.0000000e+00  -1.0000000e+00
   1.0029450e+06   5.0000000e+00   4.0000000e+00   4.0000000e+00   5.0000000e+00   7.0000000e+00   1.0000000e+01   3.0000000e+00   2.0000000e+00   1.0000000e+00   1.0000000e+00
   8.2282900e+05   8.0000000e+00   1.0000000e+01   1.0000000e+01   1.0000000e+01   6.0000000e+00   1.0000000e+01   1.0000000e+01   1.0000000e+01   1.0000000e+01  -1.0000000e+00
   1.1718450e+06   8.0000000e+00   6.0000000e+00   4.0000000e+00   3.0000000e+00   5.0000000e+00   9.0000000e+00   3.0000000e+00   1.0000000e+00   1.0000000e+00  -1.0000000e+00
   1.2760910e+06   5.0000000e+00   1.0000000e+00   1.0000000e+00   3.0000000e+00   4.0000000e+00   1.0000000e+00   3.0000000e+00   2.0000000e+00   1.0000000e+00   1.0000000e+00
   1.2007720e+06   1.0000000e+00   1.0000000e+00   1.0000000e+00   1.0000000e+00   2.0000000e+00   1.0000000e+00   2.0000000e+00   1.0000000e+00   1.0000000e+00   1.0000000e+00
   1.1935440e+06   5.0000000e+00   7.0000000e+00   9.0000000e+00   8.0000000e+00   6.0000000e+00   1.0000000e+01   8.0000000e+00   1.0000000e+01   1.0000000e+00  -1.0000000e+00
   1.1145700e+06   5.0000000e+00   3.0000000e+00   3.0000000e+00   2.0000000e+00   3.0000000e+00   1.0000000e+00   3.0000000e+00   1.0000000e+00   1.0000000e+00   1.0000000e+00
   8.0765700e+05   6.0000000e+00   1.0000000e+00   3.0000000e+00   2.0000000e+00   2.0000000e+00   1.0000000e+00   1.0000000e+00   1.0000000e+00   1.0000000e+00   1.0000000e+00
   1.3287550e+06   3.0000000e+00   1.0000000e+00   1.0000000e+00   1.0000000e+00   2.0000000e+00   1.0000000e+00   2.0000000e+00   1.0000000e+00   1.0000000e+00   1.0000000e+00
   1.3454352e+07   1.0000000e+00   1.0000000e+00   3.0000000e+00   1.0000000e+00   2.0000000e+00   1.0000000e+00   2.0000000e+00   1.0000000e+00   1.0000000e+00   1.0000000e+00
   1.0410430e+06   4.0000000e+00   1.0000000e+00   3.0000000e+00   1.0000000e+00   2.0000000e+00   1.0000000e+00   2.0000000e+00   1.0000000e+00   1.0000000e+00   1.0000000e+00
   6.5964200e+05   1.0000000e+01   8.0000000e+00   4.0000000e+00   4.0000000e+00   4.0000000e+00   1.0000000e+01   3.0000000e+00   1.0000000e+01   4.0000000e+00  -1.0000000e+00
   1.0746100e+06   2.0000000e+00   1.0000000e+00   1.0000000e+00   2.0000000e+00   2.0000000e+00   1.0000000e+00   3.0000000e+00   1.0000000e+00   1.0000000e+00   1.0000000e+00
   1.1055240e+06   1.0000000e+00   1.0000000e+00   1.0000000e+00   1.0000000e+00   2.0000000e+00   1.0000000e+00   2.0000000e+00   1.0000000e+00   1.0000000e+00   1.0000000e+00
   1.2687660e+06   1.0000000e+00   1.0000000e+00   1.0000000e+00   1.0000000e+00   2.0000000e+00   1.0000000e+00   1.0000000e+00   1.0000000e+00   1.0000000e+00   1.0000000e+00
   1.2855310e+06   1.0000000e+00   1.0000000e+00   1.0000000e+00   1.0000000e+00   2.0000000e+00   1.0000000e+00   3.0000000e+00   1.0000000e+00   1.0000000e+00   1.0000000e+00
   1.3253090e+06   4.0000000e+00   1.0000000e+00   2.0000000e+00   1.0000000e+00   2.0000000e+00   1.0000000e+00   2.0000000e+00   1.0000000e+00   1.0000000e+00   1.0000000e+00
   1.1560170e+06   3.0000000e+00   1.0000000e+00   1.0000000e+00   1.0000000e+00   2.0000000e+00   1.0000000e+00   2.0000000e+00   1.0000000e+00   1.0000000e+00   1.0000000e+00
   1.1161920e+06   1.0000000e+00   1.0000000e+00   1.0000000e+00   1.0000000e+00   2.0000000e+00   1.0000000e+00   2.0000000e+00   1.0000000e+00   1.0000000e+00   1.0000000e+00
   1.1264170e+06   1.0000000e+01   6.0000000e+00   4.0000000e+00   1.0000000e+00   3.0000000e+00   4.0000000e+00   3.0000000e+00   2.0000000e+00   3.0000000e+00  -1.0000000e+00
   1.3698210e+06   1.0000000e+01   1.0000000e+01   1.0000000e+01   1.0000000e+01   5.0000000e+00   1.0000000e+01   1.0000000e+01   1.0000000e+01   7.0000000e+00  -1.0000000e+00
   8.3222600e+05   3.0000000e+00   4.0000000e+00   4.0000000e+00   1.0000000e+01   5.0000000e+00   1.0000000e+00   3.0000000e+00   3.0000000e+00   1.0000000e+00  -1.0000000e+00
   1.2257990e+06   1.0000000e+01   6.0000000e+00   4.0000000e+00   3.0000000e+00   1.0000000e+01   1.0000000e+01   9.0000000e+00   1.0000000e+01   1.0000000e+00  -1.0000000e+00
   1.3283310e+06   1.0000000e+00   1.0000000e+00   1.0000000e+00   1.0000000e+00   2.0000000e+00   1.0000000e+00   3.0000000e+00   1.0000000e+00   1.0000000e+00   1.0000000e+00
   1.0968000e+06   6.0000000e+00   6.0000000e+00   6.0000000e+00   9.0000000e+00   6.0000000e+00   0.0000000e+00   7.0000000e+00   8.0000000e+00   1.0000000e+00   1.0000000e+00
   1.1997310e+06   3.0000000e+00   1.0000000e+00   1.0000000e+00   1.0000000e+00   2.0000000e+00   1.0000000e+00   1.0000000e+00   1.0000000e+00   1.0000000e+00   1.0000000e+00
   6.0126500e+05   1.0000000e+01   4.0000000e+00   4.0000000e+00   6.0000000e+00   2.0000000e+00   1.0000000e+01   2.0000000e+00   3.0000000e+00   1.0000000e+00  -1.0000000e+00
   1.1744280e+06   5.0000000e+00   3.0000000e+00   5.0000000e+00   1.0000000e+00   8.0000000e+00   1.0000000e+01   5.0000000e+00   3.0000000e+00   1.0000000e+00  -1.0000000e+00
   1.2983600e+06   1.0000000e+00   1.0000000e+00   1.0000000e+00   1.0000000e+00   2.0000000e+00   1.0000000e+00   1.0000000e+00   1.0000000e+00   1.0000000e+00   1.0000000e+00
   1.2877750e+06   5.0000000e+00   1.0000000e+00   1.0000000e+00   2.0000000e+00   2.0000000e+00   2.0000000e+00   3.0000000e+00   1.0000000e+00   1.0000000e+00   1.0000000e+00
   1.1845860e+06   4.0000000e+00   1.0000000e+00   1.0000000e+00   1.0000000e+00   2.0000000e+00   1.0000000e+00   2.0000000e+00   1.0000000e+00   1.0000000e+00   1.0000000e+00
   1.1775120e+06   1.0000000e+00   1.0000000e+00   1.0000000e+00   1.0000000e+00   1.0000000e+01   1.0000000e+00   1.0000000e+00   1.0000000e+00   1.0000000e+00   1.0000000e+00
   1.3268920e+06   3.0000000e+00   1.0000000e+00   1.0000000e+00   1.0000000e+00   2.0000000e+00   1.0000000e+00   2.0000000e+00   1.0000000e+00   1.0000000e+00   1.0000000e+00
   1.1666540e+06   1.0000000e+01   3.0000000e+00   5.0000000e+00   1.0000000e+00   1.0000000e+01   5.0000000e+00   3.0000000e+00   1.0000000e+01   2.0000000e+00  -1.0000000e+00
   1.3136580e+06   3.0000000e+00   1.0000000e+00   1.0000000e+00   1.0000000e+00   2.0000000e+00   1.0000000e+00   1.0000000e+00   1.0000000e+00   1.0000000e+00   1.0000000e+00
   1.2018700e+06   4.0000000e+00   1.0000000e+00   1.0000000e+00   3.0000000e+00   1.0000000e+00   1.0000000e+00   2.0000000e+00   1.0000000e+00   1.0000000e+00   1.0000000e+00
   5.5853800e+05   4.0000000e+00   1.0000000e+00   3.0000000e+00   3.0000000e+00   2.0000000e+00   1.0000000e+00   1.0000000e+00   1.0000000e+00   1.0000000e+00   1.0000000e+00
   6.4071200e+05   1.0000000e+00   1.0000000e+00   1.0000000e+00   1.0000000e+00   2.0000000e+00   1.0000000e+00   2.0000000e+00   1.0000000e+00   1.0000000e+00   1.0000000e+00
   1.2999940e+06   5.0000000e+00   1.0000000e+00   1.0000000e+00   1.0000000e+00   2.0000000e+00   1.0000000e+00   1.0000000e+00   1.0000000e+00   1.0000000e+00   1.0000000e+00
   6.6694200e+05   1.0000000e+00   1.0000000e+00   1.0000000e+00   1.0000000e+00   2.0000000e+00   1.0000000e+00   3.0000000e+00   1.0000000e+00   1.0000000e+00   1.0000000e+00
   1.3213210e+06   5.0000000e+00   1.0000000e+00   1.0000000e+00   3.0000000e+00   2.0000000e+00   1.0000000e+00   1.0000000e+00   1.0000000e+00   1.0000000e+00   1.0000000e+00
   1.3653280e+06   1.0000000e+00   1.0000000e+00   2.0000000e+00   1.0000000e+00   2.0000000e+00   1.0000000e+00   2.0000000e+00   1.0000000e+00   1.0000000e+00   1.0000000e+00
   1.0476300e+06   7.0000000e+00   4.0000000e+00   6.0000000e+00   4.0000000e+00   6.0000000e+00   1.0000000e+00   4.0000000e+00   3.0000000e+00   1.0000000e+00  -1.0000000e+00
   1.3331040e+06   3.0000000e+00   1.0000000e+00   2.0000000e+00   1.0000000e+00   2.0000000e+00   1.0000000e+00   3.0000000e+00   1.0000000e+00   1.0000000e+00   1.0000000e+00
   1.1735140e+06   1.0000000e+00   1.0000000e+00   1.0000000e+00   1.0000000e+00   4.0000000e+00   3.0000000e+00   1.0000000e+00   1.0000000e+00   1.0000000e+00   1.0000000e+00
   1.1171520e+06   4.0000000e+00   1.0000000e+00   1.0000000e+00   1.0000000e+00   2.0000000e+00   1.0000000e+00   3.0000000e+00   1.0000000e+00   1.0000000e+00   1.0000000e+00
   7.6000100e+05   8.0000000e+00   1.0000000e+01   3.0000000e+00   2.0000000e+00   6.0000000e+00   4.0000000e+00   3.0000000e+00   1.0000000e+01   1.0000000e+00  -1.0000000e+00
   1.2281520e+06   8.0000000e+00   9.0000000e+00   9.0000000e+00   5.0000000e+00   3.0000000e+00   5.0000000e+00   7.0000000e+00   7.0000000e+00   1.0000000e+00  -1.0000000e+00
   1.1824040e+06   4.0000000e+00   2.0000000e+00   1.0000000e+00   1.0000000e+00   2.0000000e+00   1.0000000e+00   1.0000000e+00   1.0000000e+00   1.0000000e+00   1.0000000e+00
   1.1584050e+06   1.0000000e+00   2.0000000e+00   3.0000000e+00   1.0000000e+00   2.0000000e+00   1.0000000e+00   2.0000000e+00   1.0000000e+00   1.0000000e+00   1.0000000e+00
   3.1442800e+05   7.0000000e+00   9.0000000e+00   4.0000000e+00   1.0000000e+01   1.0000000e+01   3.0000000e+00   5.0000000e+00   3.0000000e+00   3.0000000e+00  -1.0000000e+00
   1.2177170e+06   5.0000000e+00   1.0000000e+00   1.0000000e+00   6.0000000e+00   3.0000000e+00   1.0000000e+00   1.0000000e+00   1.0000000e+00   1.0000000e+00   1.0000000e+00
   7.0409700e+05   1.0000000e+00   1.0000000e+00   1.0000000e+00   1.0000000e+00   1.0000000e+00   1.0000000e+00   2.0000000e+00   1.0000000e+00   1.0000000e+00   1.0000000e+00
   1.1842410e+06   2.0000000e+00   1.0000000e+00   1.0000000e+00   1.0000000e+00   2.0000000e+00   1.0000000e+00   2.0000000e+00   1.0000000e+00   1.0000000e+00   1.0000000e+00
   8.0642300e+05   8.0000000e+00   5.0000000e+00   5.0000000e+00   5.0000000e+00   2.0000000e+00   1.0000000e+01   4.0000000e+00   3.0000000e+00   1.0000000e+00  -1.0000000e+00
   1.0838170e+06   3.0000000e+00   1.0000000e+00   1.0000000e+00   1.0000000e+00   2.0000000e+00   1.0000000e+00   2.0000000e+00   1.0000000e+00   1.0000000e+00   1.0000000e+00
   1.1219190e+06   5.0000000e+00   1.0000000e+00   3.0000000e+00   1.0000000e+00   2.0000000e+00   1.0000000e+00   2.0000000e+00   1.0000000e+00   1.0000000e+00   1.0000000e+00
   1.6029600e+05   5.0000000e+00   8.0000000e+00   8.0000000e+00   1.0000000e+01   5.0000000e+00   1.0000000e+01   8.0000000e+00   1.0000000e+01   3.0000000e+00  -1.0000000e+00
   1.2423640e+06   8.0000000e+00   1.0000000e+01   1.0000000e+01   8.0000000e+00   6.0000000e+00   9.0000000e+00   3.0000000e+00   1.0000000e+01   1.0000000e+01  -1.0000000e+00
   8.3256700e+05   4.0000000e+00   2.0000000e+00   3.0000000e+00   5.0000000e+00   3.0000000e+00   8.0000000e+00   7.0000000e+00   6.0000000e+00   1.0000000e+00  -1.0000000e+00
   1.2973270e+06   5.0000000e+00   1.0000000e+00   1.0000000e+00   1.0000000e+00   2.0000000e+00   1.0000000e+00   1.0000000e+00   1.0000000e+00   1.0000000e+00   1.0000000e+00
   1.2068410e+06   1.0000000e+01   5.0000000e+00   6.0000000e+00   1.0000000e+01   6.0000000e+00   1.0000000e+01   7.0000000e+00   7.0000000e+00   1.0000000e+01  -1.0000000e+00
   1.3034890e+06   3.0000000e+00   1.0000000e+00   1.0000000e+00   1.0000000e+00   2.0000000e+00   1.0000000e+00   2.0000000e+00   1.0000000e+00   1.0000000e+00   1.0000000e+00
   8.9747100e+05   4.0000000e+00   8.0000000e+00   8.0000000e+00   5.0000000e+00   4.0000000e+00   5.0000000e+00   1.0000000e+01   4.0000000e+00   1.0000000e+00  -1.0000000e+00
   4.6690600e+05   1.0000000e+00   1.0000000e+00   1.0000000e+00   1.0000000e+00   2.0000000e+00   1.0000000e+00   1.0000000e+00   1.0000000e+00   1.0000000e+00   1.0000000e+00
   1.2995960e+06   2.0000000e+00   1.0000000e+00   1.0000000e+00   1.0000000e+00   2.0000000e+00   1.0000000e+00   1.0000000e+00   1.0000000e+00   1.0000000e+00   1.0000000e+00
   1.1970800e+06   4.0000000e+00   1.0000000e+00   1.0000000e+00   1.0000000e+00   2.0000000e+00   1.0000000e+00   3.0000000e+00   2.0000000e+00   1.0000000e+00   1.0000000e+00
   1.2317060e+06   8.0000000e+00   4.0000000e+00   6.0000000e+00   3.0000000e+00   3.0000000e+00   1.0000000e+00   4.0000000e+00   3.0000000e+00   1.0000000e+00   1.0000000e+00
   1.2122510e+06   1.0000000e+00   1.0000000e+00   1.0000000e+00   1.0000000e+00   2.0000000e+00   1.0000000e+00   3.0000000e+00   1.0000000e+00   1.0000000e+00   1.0000000e+00
   6.9509100e+05   5.0000000e+00   1.0000000e+01   1.0000000e+01   5.0000000e+00   4.0000000e+00   5.0000000e+00   4.0000000e+00   4.0000000e+00   1.0000000e+00  -1.0000000e+00
   1.2945620e+06   1.0000000e+01   8.0000000e+00   1.0000000e+01   1.0000000e+00   3.0000000e+00   1.0000000e+01   5.0000000e+00   1.0000000e+00   1.0000000e+00  -1.0000000e+00
   6.3643700e+05   1.0000000e+00   1.0000000e+00   1.0000000e+00   1.0000000e+00   2.0000000e+00   1.0000000e+00   1.0000000e+00   1.0000000e+00   1.0000000e+00   1.0000000e+00
   1.1832400e+06   4.0000000e+00   1.0000000e+00   2.0000000e+00   1.0000000e+00   2.0000000e+00   1.0000000e+00   2.0000000e+00   1.0000000e+00   1.0000000e+00   1.0000000e+00
   1.1577340e+06   4.0000000e+00   1.0000000e+00   1.0000000e+00   1.0000000e+00   2.0000000e+00   1.0000000e+00   3.0000000e+00   1.0000000e+00   1.0000000e+00   1.0000000e+00
   1.1250350e+06   9.0000000e+00   4.0000000e+00   5.0000000e+00   1.0000000e+01   6.0000000e+00   1.0000000e+01   4.0000000e+00   8.0000000e+00   1.0000000e+00  -1.0000000e+00
   1.1659260e+06   9.0000000e+00   6.0000000e+00   9.0000000e+00   2.0000000e+00   1.0000000e+01   6.0000000e+00   2.0000000e+00   9.0000000e+00   1.0000000e+01  -1.0000000e+00
   1.1975270e+06   5.0000000e+00   1.0000000e+00   1.0000000e+00   1.0000000e+00   2.0000000e+00   1.0000000e+00   2.0000000e+00   1.0000000e+00   1.0000000e+00   1.0000000e+00
   1.2198590e+06   8.0000000e+00   1.0000000e+01   8.0000000e+00   8.0000000e+00   4.0000000e+00   8.0000000e+00   7.0000000e+00   7.0000000e+00   1.0000000e+00  -1.0000000e+00
   3.9084000e+05   8.0000000e+00   4.0000000e+00   7.0000000e+00   1.0000000e+00   3.0000000e+00   1.0000000e+01   3.0000000e+00   9.0000000e+00   2.0000000e+00  -1.0000000e+00
   1.1740570e+06   4.0000000e+00   2.0000000e+00   1.0000000e+00   1.0000000e+00   2.0000000e+00   2.0000000e+00   3.0000000e+00   1.0000000e+00   1.0000000e+00   1.0000000e+00
   6.4074400e+05   1.0000000e+01   1.0000000e+01   1.0000000e+01   7.0000000e+00   9.0000000e+00   1.0000000e+01   7.0000000e+00   1.0000000e+01   1.0000000e+01  -1.0000000e+00
   5.3455500e+05   1.0000000e+00   1.0000000e+00   1.0000000e+00   1.0000000e+00   2.0000000e+00   1.0000000e+00   1.0000000e+00   1.0000000e+00   1.0000000e+00   1.0000000e+00
   1.1454200e+06   6.0000000e+00   1.0000000e+00   1.0000000e+00   1.0000000e+00   2.0000000e+00   1.0000000e+00   2.0000000e+00   1.0000000e+00   1.0000000e+00   1.0000000e+00
   1.0507180e+06   6.0000000e+00   1.0000000e+00   1.0000000e+00   1.0000000e+00   2.0000000e+00   1.0000000e+00   3.0000000e+00   1.0000000e+00   1.0000000e+00   1.0000000e+00
   4.2890300e+05   7.0000000e+00   2.0000000e+00   4.0000000e+00   1.0000000e+00   3.0000000e+00   4.0000000e+00   3.0000000e+00   3.0000000e+00   1.0000000e+00  -1.0000000e+00
   1.0000250e+06   5.0000000e+00   1.0000000e+00   1.0000000e+00   1.0000000e+00   2.0000000e+00   1.0000000e+00   3.0000000e+00   1.0000000e+00   1.0000000e+00   1.0000000e+00
   1.2306880e+06   7.0000000e+00   4.0000000e+00   7.0000000e+00   4.0000000e+00   3.0000000e+00   7.0000000e+00   7.0000000e+00   6.0000000e+00   1.0000000e+00  -1.0000000e+00
   1.3530920e+06   3.0000000e+00   2.0000000e+00   1.0000000e+00   2.0000000e+00   2.0000000e+00   1.0000000e+00   3.0000000e+00   1.0000000e+00   1.0000000e+00   1.0000000e+00
   1.3682730e+06   1.0000000e+00   1.0000000e+00   1.0000000e+00   1.0000000e+00   2.0000000e+00   1.0000000e+00   1.0000000e+00   1.0000000e+00   1.0000000e+00   1.0000000e+00
   1.3433740e+06   1.0000000e+01   1.0000000e+01   8.0000000e+00   1.0000000e+01   6.0000000e+00   5.0000000e+00   1.0000000e+01   3.0000000e+00   1.0000000e+00  -1.0000000e+00
   1.0739600e+06   1.0000000e+01   1.0000000e+01   1.0000000e+01   1.0000000e+01   6.0000000e+00   1.0000000e+01   8.0000000e+00   1.0000000e+00   5.0000000e+00  -1.0000000e+00
   1.1835160e+06   3.0000000e+00   1.0000000e+00   1.0000000e+00   1.0000000e+00   2.0000000e+00   1.0000000e+00   1.0000000e+00   1.0000000e+00   1.0000000e+00   1.0000000e+00
   1.1439780e+06   4.0000000e+00   1.0000000e+00   1.0000000e+00   2.0000000e+00   2.0000000e+00   1.0000000e+00   2.0000000e+00   1.0000000e+00   1.0000000e+00   1.0000000e+00
   1.1314110e+06   1.0000000e+00   1.0000000e+00   1.0000000e+00   2.0000000e+00   2.0000000e+00   1.0000000e+00   2.0000000e+00   1.0000000e+00   1.0000000e+00   1.0000000e+00
   1.2358070e+06   5.0000000e+00   1.0000000e+00   1.0000000e+00   1.0000000e+00   2.0000000e+00   1.0000000e+00   2.0000000e+00   1.0000000e+00   1.0000000e+00   1.0000000e+00
   6.7791000e+05   5.0000000e+00   2.0000000e+00   2.0000000e+00   4.0000000e+00   2.0000000e+00   4.0000000e+00   1.0000000e+00   1.0000000e+00   1.0000000e+00   1.0000000e+00
   7.3615000e+05   1.0000000e+01   4.0000000e+00   3.0000000e+00   1.0000000e+01   3.0000000e+00   1.0000000e+01   7.0000000e+00   1.0000000e+00   2.0000000e+00  -1.0000000e+00
   1.2028120e+06   5.0000000e+00   3.0000000e+00   3.0000000e+00   3.0000000e+00   6.0000000e+00   1.0000000e+01   3.0000000e+00   1.0000000e+00   1.0000000e+00  -1.0000000e+00
   1.2048980e+06   6.0000000e+00   1.0000000e+00   1.0000000e+00   1.0000000e+00   2.0000000e+00   1.0000000e+00   3.0000000e+00   1.0000000e+00   1.0000000e+00   1.0000000e+00
   1.1652970e+06   2.0000000e+00   1.0000000e+00   1.0000000e+00   2.0000000e+00   2.0000000e+00   1.0000000e+00   1.0000000e+00   1.0000000e+00   1.0000000e+00   1.0000000e+00
   1.4488800e+05   8.0000000e+00   1.0000000e+01   1.0000000e+01   8.0000000e+00   5.0000000e+00   1.0000000e+01   7.0000000e+00   8.0000000e+00   1.0000000e+00  -1.0000000e+00
   1.1687360e+06   1.0000000e+01   1.0000000e+01   1.0000000e+01   1.0000000e+01   1.0000000e+01   1.0000000e+00   8.0000000e+00   8.0000000e+00   8.0000000e+00  -1.0000000e+00
   1.1217320e+06   1.0000000e+00   1.0000000e+00   1.0000000e+00   1.0000000e+00   2.0000000e+00   1.0000000e+00   3.0000000e+00   2.0000000e+00   1.0000000e+00   1.0000000e+00
   1.3528480e+06   3.0000000e+00   1.0000000e+01   7.0000000e+00   8.0000000e+00   5.0000000e+00   8.0000000e+00   7.0000000e+00   4.0000000e+00   1.0000000e+00  -1.0000000e+00
   1.0619900e+06   4.0000000e+00   1.0000000e+00   1.0000000e+00   1.0000000e+00   2.0000000e+00   1.0000000e+00   2.0000000e+00   1.0000000e+00   1.0000000e+00   1.0000000e+00
   1.0352830e+06   1.0000000e+00   1.0000000e+00   1.0000000e+00   1.0000000e+00   1.0000000e+00   1.0000000e+00   3.0000000e+00   1.0000000e+00   1.0000000e+00   1.0000000e+00
   1.1969150e+06   1.0000000e+01   7.0000000e+00   7.0000000e+00   4.0000000e+00   5.0000000e+00   1.0000000e+01   5.0000000e+00   7.0000000e+00   2.0000000e+00  -1.0000000e+00
   1.1768810e+06   7.0000000e+00   5.0000000e+00   3.0000000e+00   7.0000000e+00   4.0000000e+00   1.0000000e+01   7.0000000e+00   5.0000000e+00   5.0000000e+00  -1.0000000e+00
   1.2872820e+06   3.0000000e+00   1.0000000e+00   1.0000000e+00   1.0000000e+00   2.0000000e+00   1.0000000e+00   1.0000000e+00   1.0000000e+00   1.0000000e+00   1.0000000e+00
   1.1339910e+06   4.0000000e+00   1.0000000e+00   1.0000000e+00   1.0000000e+00   1.0000000e+00   1.0000000e+00   2.0000000e+00   1.0000000e+00   1.0000000e+00   1.0000000e+00
   1.1748410e+06   5.0000000e+00   3.0000000e+00   1.0000000e+00   1.0000000e+00   2.0000000e+00   1.0000000e+00   1.0000000e+00   1.0000000e+00   1.0000000e+00   1.0000000e+00
   8.1426500e+05   2.0000000e+00   1.0000000e+00   1.0000000e+00   1.0000000e+00   2.0000000e+00   1.0000000e+00   1.0000000e+00   1.0000000e+00   1.0000000e+00   1.0000000e+00
   1.2145560e+06   3.0000000e+00   1.0000000e+00   1.0000000e+00   1.0000000e+00   2.0000000e+00   1.0000000e+00   2.0000000e+00   1.0000000e+00   1.0000000e+00   1.0000000e+00
   4.5628200e+05   1.0000000e+00   1.0000000e+00   1.0000000e+00   1.0000000e+00   2.0000000e+00   1.0000000e+00   3.0000000e+00   1.0000000e+00   1.0000000e+00   1.0000000e+00
   8.2424900e+05   1.0000000e+00   1.0000000e+00   1.0000000e+00   1.0000000e+00   2.0000000e+00   1.0000000e+00   3.0000000e+00   1.0000000e+00   1.0000000e+00   1.0000000e+00
   1.2309940e+06   4.0000000e+00   5.0000000e+00   5.0000000e+00   8.0000000e+00   6.0000000e+00   1.0000000e+01   1.0000000e+01   7.0000000e+00   1.0000000e+00  -1.0000000e+00
   1.1581570e+06   5.0000000e+00   1.0000000e+00   1.0000000e+00   1.0000000e+00   2.0000000e+00   2.0000000e+00   2.0000000e+00   1.0000000e+00   1.0000000e+00   1.0000000e+00
   6.9521900e+05   1.0000000e+00   1.0000000e+00   1.0000000e+00   1.0000000e+00   2.0000000e+00   1.0000000e+00   2.0000000e+00   1.0000000e+00   1.0000000e+00   1.0000000e+00
   1.1815670e+06   1.0000000e+00   1.0000000e+00   1.0000000e+00   1.0000000e+00   1.0000000e+00   1.0000000e+00   1.0000000e+00   1.0000000e+00   1.0000000e+00   1.0000000e+00
   1.2689520e+06   1.0000000e+01   1.0000000e+01   7.0000000e+00   8.0000000e+00   7.0000000e+00   1.0000000e+00   1.0000000e+01   1.0000000e+01   3.0000000e+00  -1.0000000e+00
   1.0430680e+06   3.0000000e+00   1.0000000e+00   1.0000000e+00   1.0000000e+00   2.0000000e+00   1.0000000e+00   2.0000000e+00   1.0000000e+00   1.0000000e+00   1.0000000e+00
   8.5916400e+05   5.0000000e+00   3.0000000e+00   3.0000000e+00   1.0000000e+00   3.0000000e+00   3.0000000e+00   3.0000000e+00   3.0000000e+00   3.0000000e+00  -1.0000000e+00
   7.8561500e+05   8.0000000e+00   6.0000000e+00   7.0000000e+00   3.0000000e+00   3.0000000e+00   1.0000000e+01   3.0000000e+00   4.0000000e+00   2.0000000e+00  -1.0000000e+00
   1.3710260e+06   5.0000000e+00   1.0000000e+01   1.0000000e+01   1.0000000e+01   4.0000000e+00   1.0000000e+01   5.0000000e+00   6.0000000e+00   3.0000000e+00  -1.0000000e+00
   1.1904850e+06   1.0000000e+00   1.0000000e+00   1.0000000e+00   1.0000000e+00   2.0000000e+00   1.0000000e+00   1.0000000e+00   1.0000000e+00   1.0000000e+00   1.0000000e+00
   1.2573660e+06   3.0000000e+00   1.0000000e+00   1.0000000e+00   1.0000000e+00   2.0000000e+00   1.0000000e+00   1.0000000e+00   1.0000000e+00   1.0000000e+00   1.0000000e+00
   1.0154250e+06   3.0000000e+00   1.0000000e+00   1.0000000e+00   1.0000000e+00   2.0000000e+00   2.0000000e+00   3.0000000e+00   1.0000000e+00   1.0000000e+00   1.0000000e+00
   1.8833600e+05   5.0000000e+00   3.0000000e+00   2.0000000e+00   8.0000000e+00   5.0000000e+00   1.0000000e+01   8.0000000e+00   1.0000000e+00   2.0000000e+00  -1.0000000e+00
   1.2188600e+06   1.0000000e+00   1.0000000e+00   1.0000000e+00   1.0000000e+00   1.0000000e+00   1.0000000e+00   3.0000000e+00   1.0000000e+00   1.0000000e+00   1.0000000e+00
   1.1025730e+06   5.0000000e+00   6.0000000e+00   5.0000000e+00   6.0000000e+00   1.0000000e+01   1.0000000e+00   3.0000000e+00   1.0000000e+00   1.0000000e+00  -1.0000000e+00
   1.2965930e+06   5.0000000e+00   2.0000000e+00   1.0000000e+00   1.0000000e+00   2.0000000e+00   1.0000000e+00   1.0000000e+00   1.0000000e+00   1.0000000e+00   1.0000000e+00
   1.1167150e+06   5.0000000e+00   1.0000000e+00   1.0000000e+00   1.0000000e+00   3.0000000e+00   2.0000000e+00   2.0000000e+00   2.0000000e+00   1.0000000e+00   1.0000000e+00
   1.2955080e+06   1.0000000e+00   1.0000000e+00   1.0000000e+00   1.0000000e+00   2.0000000e+00   4.0000000e+00   1.0000000e+00   1.0000000e+00   1.0000000e+00   1.0000000e+00
   1.1152820e+06   5.0000000e+00   3.0000000e+00   5.0000000e+00   5.0000000e+00   3.0000000e+00   3.0000000e+00   4.0000000e+00   1.0000000e+01   1.0000000e+00  -1.0000000e+00
   1.2009520e+06   5.0000000e+00   8.0000000e+00   7.0000000e+00   7.0000000e+00   1.0000000e+01   1.0000000e+01   5.0000000e+00   7.0000000e+00   1.0000000e+00  -1.0000000e+00
   7.4049200e+05   1.0000000e+00   1.0000000e+00   1.0000000e+00   1.0000000e+00   2.0000000e+00   1.0000000e+00   3.0000000e+00   1.0000000e+00   1.0000000e+00   1.0000000e+00
   1.3526630e+06   5.0000000e+00   4.0000000e+00   6.0000000e+00   8.0000000e+00   4.0000000e+00   1.0000000e+00   8.0000000e+00   1.0000000e+01   1.0000000e+00  -1.0000000e+00
   1.1986410e+06   1.0000000e+01   1.0000000e+01   6.0000000e+00   3.0000000e+00   3.0000000e+00   1.0000000e+01   4.0000000e+00   3.0000000e+00   2.0000000e+00  -1.0000000e+00
   1.3019450e+06   5.0000000e+00   1.0000000e+00   1.0000000e+00   1.0000000e+00   1.0000000e+00   1.0000000e+00   1.0000000e+00   1.0000000e+00   1.0000000e+00   1.0000000e+00
   1.2195250e+06   8.0000000e+00   1.0000000e+01   1.0000000e+01   1.0000000e+01   5.0000000e+00   1.0000000e+01   8.0000000e+00   1.0000000e+01   6.0000000e+00  -1.0000000e+00
   1.3186710e+06   3.0000000e+00   1.0000000e+00   1.0000000e+00   1.0000000e+00   2.0000000e+00   1.0000000e+00   2.0000000e+00   1.0000000e+00   1.0000000e+00   1.0000000e+00
   1.2389150e+06   5.0000000e+00   1.0000000e+00   2.0000000e+00   1.0000000e+00   2.0000000e+00   1.0000000e+00   3.0000000e+00   1.0000000e+00   1.0000000e+00   1.0000000e+00
   1.9125000e+05   1.0000000e+01   4.0000000e+00   4.0000000e+00   1.0000000e+01   2.0000000e+00   1.0000000e+01   5.0000000e+00   3.0000000e+00   3.0000000e+00  -1.0000000e+00
   1.2553840e+06   3.0000000e+00   2.0000000e+00   2.0000000e+00   3.0000000e+00   2.0000000e+00   3.0000000e+00   3.0000000e+00   1.0000000e+00   1.0000000e+00   1.0000000e+00
   1.1732160e+06   1.0000000e+01   1.0000000e+01   1.0000000e+01   3.0000000e+00   1.0000000e+01   8.0000000e+00   8.0000000e+00   1.0000000e+00   1.0000000e+00  -1.0000000e+00
   1.1839830e+06   9.0000000e+00   5.0000000e+00   5.0000000e+00   4.0000000e+00   4.0000000e+00   5.0000000e+00   4.0000000e+00   3.0000000e+00   3.0000000e+00  -1.0000000e+00
   1.2386330e+06   1.0000000e+01   1.0000000e+01   1.0000000e+01   6.0000000e+00   8.0000000e+00   4.0000000e+00   8.0000000e+00   5.0000000e+00   1.0000000e+00  -1.0000000e+00
   6.9509100e+05   1.0000000e+00   1.0000000e+00   1.0000000e+00   1.0000000e+00   2.0000000e+00   1.0000000e+00   2.0000000e+00   1.0000000e+00   1.0000000e+00   1.0000000e+00
   1.1161160e+06   9.0000000e+00   1.0000000e+01   1.0000000e+01   1.0000000e+00   1.0000000e+01   8.0000000e+00   3.0000000e+00   3.0000000e+00   1.0000000e+00  -1.0000000e+00
   1.0545900e+06   7.0000000e+00   3.0000000e+00   2.0000000e+00   1.0000000e+01   5.0000000e+00   1.0000000e+01   5.0000000e+00   4.0000000e+00   4.0000000e+00  -1.0000000e+00
   1.3505680e+06   4.0000000e+00   1.0000000e+00   1.0000000e+00   1.0000000e+00   2.0000000e+00   1.0000000e+00   2.0000000e+00   1.0000000e+00   1.0000000e+00   1.0000000e+00
   1.1972700e+06   3.0000000e+00   1.0000000e+00   1.0000000e+00   1.0000000e+00   2.0000000e+00   1.0000000e+00   3.0000000e+00   1.0000000e+00   1.0000000e+00   1.0000000e+00
   1.2166940e+06   1.0000000e+01   8.0000000e+00   8.0000000e+00   4.0000000e+00   1.0000000e+01   1.0000000e+01   8.0000000e+00   1.0000000e+00   1.0000000e+00  -1.0000000e+00
   1.3303610e+06   5.0000000e+00   1.0000000e+00   1.0000000e+00   1.0000000e+00   2.0000000e+00   1.0000000e+00   2.0000000e+00   1.0000000e+00   1.0000000e+00   1.0000000e+00
   6.3613000e+05   1.0000000e+00   1.0000000e+00   1.0000000e+00   1.0000000e+00   2.0000000e+00   1.0000000e+00   3.0000000e+00   1.0000000e+00   1.0000000e+00   1.0000000e+00
   1.3330630e+06   5.0000000e+00   1.0000000e+00   3.0000000e+00   1.0000000e+00   2.0000000e+00   1.0000000e+00   3.0000000e+00   1.0000000e+00   1.0000000e+00   1.0000000e+00
   1.3024280e+06   5.0000000e+00   3.0000000e+00   2.0000000e+00   4.0000000e+00   2.0000000e+00   1.0000000e+00   1.0000000e+00   1.0000000e+00   1.0000000e+00   1.0000000e+00
   6.5424400e+05   1.0000000e+00   1.0000000e+00   1.0000000e+00   1.0000000e+00   1.0000000e+00   1.0000000e+00   2.0000000e+00   1.0000000e+00   1.0000000e+00   1.0000000e+00
   6.7211300e+05   7.0000000e+00   5.0000000e+00   6.0000000e+00   1.0000000e+01   4.0000000e+00   1.0000000e+01   5.0000000e+00   3.0000000e+00   1.0000000e+00  -1.0000000e+00
   2.7413700e+05   8.0000000e+00   8.0000000e+00   9.0000000e+00   4.0000000e+00   5.0000000e+00   1.0000000e+01   7.0000000e+00   8.0000000e+00   1.0000000e+00  -1.0000000e+00
   1.2045580e+06   4.0000000e+00   1.0000000e+00   1.0000000e+00   1.0000000e+00   2.0000000e+00   1.0000000e+00   2.0000000e+00   1.0000000e+00   1.0000000e+00   1.0000000e+00
   7.0409700e+05   1.0000000e+00   1.0000000e+00   1.0000000e+00   1.0000000e+00   1.0000000e+00   1.0000000e+00   2.0000000e+00   1.0000000e+00   1.0000000e+00   1.0000000e+00
   2.4297000e+05   5.0000000e+00   7.0000000e+00   7.0000000e+00   1.0000000e+00   5.0000000e+00   8.0000000e+00   3.0000000e+00   4.0000000e+00   1.0000000e+00   1.0000000e+00
   4.8628300e+05   3.0000000e+00   1.0000000e+00   1.0000000e+00   1.0000000e+00   2.0000000e+00   1.0000000e+00   3.0000000e+00   1.0000000e+00   1.0000000e+00   1.0000000e+00
   1.0445720e+06   8.0000000e+00   7.0000000e+00   5.0000000e+00   1.0000000e+01   7.0000000e+00   9.0000000e+00   5.0000000e+00   5.0000000e+00   4.0000000e+00  -1.0000000e+00
   1.2115940e+06   3.0000000e+00   1.0000000e+00   1.0000000e+00   1.0000000e+00   1.0000000e+00   1.0000000e+00   2.0000000e+00   1.0000000e+00   1.0000000e+00   1.0000000e+00
   1.1936830e+06   1.0000000e+00   1.0000000e+00   2.0000000e+00   1.0000000e+00   3.0000000e+00   0.0000000e+00   1.0000000e+00   1.0000000e+00   1.0000000e+00   1.0000000e+00
   1.3314050e+06   4.0000000e+00   1.0000000e+00   1.0000000e+00   1.0000000e+00   2.0000000e+00   1.0000000e+00   3.0000000e+00   2.0000000e+00   1.0000000e+00   1.0000000e+00
   1.1559670e+06   5.0000000e+00   1.0000000e+00   2.0000000e+00   1.0000000e+01   4.0000000e+00   5.0000000e+00   2.0000000e+00   1.0000000e+00   1.0000000e+00   1.0000000e+00
   1.3488510e+06   3.0000000e+00   1.0000000e+00   1.0000000e+00   1.0000000e+00   2.0000000e+00   1.0000000e+00   3.0000000e+00   1.0000000e+00   1.0000000e+00   1.0000000e+00
   1.2934390e+06   3.0000000e+00   2.0000000e+00   2.0000000e+00   3.0000000e+00   2.0000000e+00   1.0000000e+00   1.0000000e+00   1.0000000e+00   1.0000000e+00   1.0000000e+00
   1.2939660e+06   4.0000000e+00   1.0000000e+00   1.0000000e+00   1.0000000e+00   2.0000000e+00   1.0000000e+00   1.0000000e+00   1.0000000e+00   1.0000000e+00   1.0000000e+00
   1.0657260e+06   5.0000000e+00   2.0000000e+00   3.0000000e+00   4.0000000e+00   2.0000000e+00   7.0000000e+00   3.0000000e+00   6.0000000e+00   1.0000000e+00  -1.0000000e+00
   3.4224500e+05   1.0000000e+00   1.0000000e+00   3.0000000e+00   1.0000000e+00   2.0000000e+00   1.0000000e+00   1.0000000e+00   1.0000000e+00   1.0000000e+00   1.0000000e+00
   8.5083100e+05   2.0000000e+00   7.0000000e+00   1.0000000e+01   1.0000000e+01   7.0000000e+00   1.0000000e+01   4.0000000e+00   9.0000000e+00   4.0000000e+00  -1.0000000e+00
   1.2975220e+06   2.0000000e+00   1.0000000e+00   1.0000000e+00   1.0000000e+00   2.0000000e+00   1.0000000e+00   1.0000000e+00   1.0000000e+00   1.0000000e+00   1.0000000e+00
   1.1764060e+06   1.0000000e+00   1.0000000e+00   1.0000000e+00   1.0000000e+00   2.0000000e+00   1.0000000e+00   2.0000000e+00   1.0000000e+00   1.0000000e+00   1.0000000e+00
   1.3200770e+06   1.0000000e+00   1.0000000e+00   1.0000000e+00   1.0000000e+00   1.0000000e+00   1.0000000e+00   1.0000000e+00   1.0000000e+00   1.0000000e+00   1.0000000e+00
   1.2857220e+06   4.0000000e+00   1.0000000e+00   1.0000000e+00   3.0000000e+00   2.0000000e+00   1.0000000e+00   1.0000000e+00   1.0000000e+00   1.0000000e+00   1.0000000e+00
   1.2539550e+06   8.0000000e+00   7.0000000e+00   4.0000000e+00   4.0000000e+00   5.0000000e+00   3.0000000e+00   5.0000000e+00   1.0000000e+01   1.0000000e+00  -1.0000000e+00
   1.2019360e+06   5.0000000e+00   1.0000000e+01   1.0000000e+01   3.0000000e+00   8.0000000e+00   1.0000000e+00   5.0000000e+00   1.0000000e+01   3.0000000e+00  -1.0000000e+00
   1.2393470e+06   8.0000000e+00   7.0000000e+00   8.0000000e+00   5.0000000e+00   1.0000000e+01   1.0000000e+01   7.0000000e+00   2.0000000e+00   1.0000000e+00  -1.0000000e+00
   1.0841390e+06   6.0000000e+00   3.0000000e+00   2.0000000e+00   1.0000000e+00   3.0000000e+00   4.0000000e+00   4.0000000e+00   1.0000000e+00   1.0000000e+00  -1.0000000e+00
   1.1808310e+06   3.0000000e+00   1.0000000e+00   1.0000000e+00   1.0000000e+00   3.0000000e+00   1.0000000e+00   2.0000000e+00   1.0000000e+00   1.0000000e+00   1.0000000e+00
   8.4683200e+05   3.0000000e+00   4.0000000e+00   5.0000000e+00   3.0000000e+00   7.0000000e+00   3.0000000e+00   4.0000000e+00   6.0000000e+00   1.0000000e+00   1.0000000e+00
   8.3708200e+05   2.0000000e+00   1.0000000e+00   1.0000000e+00   1.0000000e+00   2.0000000e+00   1.0000000e+00   3.0000000e+00   1.0000000e+00   1.0000000e+00   1.0000000e+00
   1.1721520e+06   1.0000000e+01   3.0000000e+00   3.0000000e+00   1.0000000e+01   2.0000000e+00   1.0000000e+01   7.0000000e+00   3.0000000e+00   3.0000000e+00  -1.0000000e+00
   1.2042420e+06   1.0000000e+00   1.0000000e+00   1.0000000e+00   1.0000000e+00   2.0000000e+00   1.0000000e+00   1.0000000e+00   1.0000000e+00   1.0000000e+00   1.0000000e+00
   1.0710840e+06   3.0000000e+00   3.0000000e+00   2.0000000e+00   2.0000000e+00   3.0000000e+00   1.0000000e+00   1.0000000e+00   2.0000000e+00   3.0000000e+00   1.0000000e+00
   7.9842900e+05   4.0000000e+00   1.0000000e+00   1.0000000e+00   1.0000000e+00   2.0000000e+00   1.0000000e+00   3.0000000e+00   1.0000000e+00   1.0000000e+00   1.0000000e+00
   8.0353100e+05   5.0000000e+00   1.0000000e+01   1.0000000e+01   1.0000000e+01   5.0000000e+00   2.0000000e+00   8.0000000e+00   5.0000000e+00   1.0000000e+00  -1.0000000e+00
   1.1981280e+06   1.0000000e+01   8.0000000e+00   1.0000000e+01   1.0000000e+01   6.0000000e+00   1.0000000e+00   3.0000000e+00   1.0000000e+00   1.0000000e+01  -1.0000000e+00
   1.1682780e+06   3.0000000e+00   1.0000000e+00   1.0000000e+00   1.0000000e+00   2.0000000e+00   1.0000000e+00   2.0000000e+00   1.0000000e+00   1.0000000e+00   1.0000000e+00
   8.8852300e+05   4.0000000e+00   4.0000000e+00   4.0000000e+00   2.0000000e+00   2.0000000e+00   3.0000000e+00   2.0000000e+00   1.0000000e+00   1.0000000e+00   1.0000000e+00
